 0.1310   0.4140   0.5190   0.9960   2.2740  3.536199    0.1231   0.3464   0.4181   0.6911   1.1860   1.512089  0.132000   0.003000   2382.000   3.096000   0.218471   0.027087      NA      0.430077   0.580459   0.599030   0.666870   0.896650
 0.2810   0.1780   0.4700   6.0950       NA     NA       0.2476   0.1638   0.3853   1.9594       NA      NA     0.092000   0.051000   1247.000   7.642000   0.149461   0.013154      NA         NA         NA         NA         NA         NA
 0.0500   0.0910   0.0000   0.0040   0.0170  0.013566    0.0488   0.0871   0.0000   0.0040   0.0169   0.013475  0.264000   0.169000   113.0000   6.957000   0.220812   0.051732      NA      0.141000   0.158660   0.225310   0.222200      NA
 0.0720   0.0720   0.1160   0.5370   0.1450  0.286979    0.0695   0.0695   0.1098   0.4298   0.1354   0.252298     NA         NA      582.0000      NA         NA         NA         NA         NA         NA      0.308450   0.285790   0.295630
 0.0500   0.0910   0.0000   0.0040   0.0170  0.013566    0.0488   0.0871   0.0000   0.0040   0.0169   0.013475  0.482000   0.682000   274.0000      NA         NA         NA         NA      0.110718   0.113840   0.188030   0.206120      NA
 0.0040   0.3900   0.1970   0.4730   0.3990  0.203175    0.0040   0.3293   0.1798   0.3873   0.3358   0.184964  0.221000   0.006000   28.00000   7.527000   0.249606   0.049839      NA      0.102047   0.108390   0.119260   0.156190   0.167090
 0.0500   0.0910   0.0000   0.0040   0.0170  0.013566    0.0488   0.0871   0.0000   0.0040   0.0169   0.013475  0.261000   0.143000   475.0000   6.029000   0.197079   0.045704   0.134824   0.151839   0.158325   0.195360   0.205360   0.195670
     NA       NA       NA       NA       NA     NA           NA       NA       NA       NA       NA      NA        NA         NA         NA         NA         NA         NA         NA         NA         NA         NA         NA         NA
 0.0500   0.0910   0.0000   0.0040   0.0170  0.013566    0.0488   0.0871   0.0000   0.0040   0.0169   0.013475  0.200000   0.037000   623.0000   5.813000   0.193493   0.035278      NA      0.155283   0.170495   0.176470   0.179990   0.176100
 0.0500   0.0910   0.0000   0.0040   0.0050  0.013566    0.0488   0.0871   0.0000   0.0040   0.0050   0.013475     NA         NA      1284.000      NA         NA         NA      0.120974   0.107706   0.107715   0.124050   0.185240   0.265070
     NA       NA       NA       NA       NA  0.130765        NA       NA       NA       NA       NA   0.122894     NA         NA         NA         NA         NA         NA         NA         NA         NA         NA         NA         NA
 0.0500   0.0910   0.0000   0.0040   0.0170  0.013566    0.0488   0.0871   0.0000   0.0040   0.0169   0.013475  0.198000   0.035000   342.0000   6.649000   0.196321   0.035466   0.210279   0.172137   0.177782   0.184550   0.140530      NA
 0.7450   1.0460   0.8430   0.6900   0.3570     NA       0.5568   0.7159   0.6114   0.5247   0.3053      NA     0.104000   0.247000   1001.000   5.638000   0.184067   0.018212   0.372897   0.363431   0.365805      NA      0.748580   0.926330
 0.1560   0.1640   0.1300   0.9710   0.5390  1.556215    0.1450   0.1519   0.1222   0.6785   0.4311   0.938528  0.200000   0.174000   1222.000   7.784000   0.148239   0.027027   0.110945   0.131136   0.160807   0.238510   0.301660   0.437850
     NA       NA   0.0020   0.0200   0.0250  0.013566        NA       NA   0.0020   0.0198   0.0247   0.013475     NA         NA      268.0000      NA         NA         NA      0.173032   0.160037   0.141510   0.175440   0.162250   0.225280
     NA       NA       NA   0.0000   0.1290  0.212668        NA       NA       NA   0.0000   0.1213   0.192823     NA         NA      11.00000      NA         NA         NA         NA      0.222876   0.254777   0.205890   0.225930      NA
 0.3500   0.8850   0.4510   3.5970  14.0070  0.362667    0.3001   0.6339   0.3723   1.5254   2.7085   0.309443  0.330000   0.200000   239.0000   6.786000   0.203700   0.058091   0.198906   0.205258   0.196867   0.220660   0.129910   0.117160
     NA       NA   1.2460   1.1990   5.1230  3.591373        NA       NA   0.8092   0.7880   1.8121   1.524179  0.051000   0.000000   36.00000   5.490000   0.273050   0.013582      NA         NA         NA         NA         NA         NA
     NA       NA       NA       NA       NA  0.279775        NA       NA       NA       NA       NA   0.246685     NA         NA         NA         NA         NA         NA         NA         NA         NA         NA         NA         NA
 0.0500   0.0910   0.0000   0.0040   0.0170  0.013566    0.0488   0.0871   0.0000   0.0040   0.0169   0.013475     NA         NA      322.0000      NA         NA         NA         NA      0.208660   0.250069   0.288500   0.262290      NA
 0.0140   0.1830   0.3490   0.1160   0.2090  0.096529    0.0139   0.1681   0.2994   0.1098   0.1898   0.092149  0.275000   0.203000   580.0000   7.849000   0.166825   0.040529      NA      0.233150   0.292150   0.342430   0.371770   0.385370
 0.0720   0.0720   0.1160   0.2140   0.1150  0.112515    0.0695   0.0695   0.1098   0.1939   0.1089   0.106624     NA         NA      30.00000      NA         NA         NA         NA         NA         NA         NA      0.472280   0.507180
 0.0000   0.0000   0.0960   0.2160   0.1630     NA       0.0000   0.0000   0.0917   0.1956   0.1510      NA        NA         NA      111.0000      NA         NA         NA         NA         NA         NA      0.078210   0.057320      NA
 0.0500   0.0910   0.0000       NA       NA  0.151724    0.0488   0.0871   0.0000       NA       NA   0.141260  0.255000   0.007000   587.0000   9.109000   0.152369   0.034609      NA      0.202910   0.221430   0.235200   0.214730      NA
 0.0860   0.1660   0.2810   0.6980   0.8370  0.229058    0.0825   0.1536   0.2476   0.5295   0.6081   0.206248  0.121000   0.808000   118.0000   9.260000   0.192520   0.021990      NA      0.169740   0.213050   0.230320   0.226110   0.222380
     NA       NA   0.0130   0.0400   0.0610  0.013566        NA       NA   0.0129   0.0392   0.0592   0.013475     NA         NA      1240.000      NA         NA         NA         NA      0.203970   0.189710   0.209530   0.189050      NA
 0.0500   0.0910   0.0670   0.7130   0.5930  1.473399    0.0488   0.0871   0.0649   0.5382   0.4656   0.905593     NA         NA      1026.000      NA         NA         NA         NA      0.078480   0.124290   0.188700   0.208760      NA
     NA       NA       NA   0.0380   0.0630  0.038271        NA       NA       NA   0.0373   0.0611   0.037557  0.347000   0.337000   2.000000   9.413000   0.296979   0.088464   0.298630   0.337850   0.435670   0.460470   0.404870   0.505680
 0.1790   0.1420   0.0480   0.0740   0.0540  0.041555    0.1647   0.1328   0.0469   0.0714   0.0526   0.040715  0.301000   0.307000   447.0000   3.629000   0.246883   0.064963   0.309260   0.305270   0.342580   0.414950   0.455330   0.490860
 0.0020   0.0000   0.7530   5.9640   1.8820     NA       0.0020   0.0000   0.5613   1.9408   1.0585      NA     0.106000   0.000000   802.0000   10.27300   0.132831   0.013383      NA         NA         NA         NA         NA         NA
 0.0500   0.0910   0.0000   0.0040   0.0170  0.013566    0.0488   0.0871   0.0000   0.0040   0.0169   0.013475     NA         NA      1267.000      NA         NA         NA         NA      0.082000   0.099220   0.125470   0.136240      NA
 0.0860   0.2450   0.3060   0.5970   0.9080  1.349003    0.0825   0.2191   0.2670   0.4681   0.6461   0.853991  0.447000   0.016000   924.0000   6.282000   0.175873   0.064984   0.127410   0.153590   0.135460   0.194880   0.271310   0.262770
 0.0040   0.6080   0.2700   0.3400   0.5580  0.326718    0.0040   0.4750   0.2390   0.2927   0.4434   0.282708  0.274000   0.443000   26.00000   8.252000   0.242796   0.058796      NA      0.063880   0.086690   0.122160   0.124910   0.149090
 0.0500   0.0910   0.0000   0.0040   0.0170  0.013566    0.0488   0.0871   0.0000   0.0040   0.0169   0.013475  0.189000   0.049000   197.0000   5.084000   0.236157   0.040882      NA      0.139960   0.162650   0.248400   0.284940      NA
     NA       NA       NA       NA       NA     NA           NA       NA       NA       NA       NA      NA        NA         NA         NA         NA         NA         NA         NA         NA         NA         NA         NA         NA
     NA       NA       NA   0.0120   0.4840  4.080260        NA       NA       NA   0.0119   0.3947   1.625363  0.122000   0.000000   72.00000   6.871000   0.233712   0.026903      NA      0.133020   0.153120   0.176330   0.223090   0.197520
     NA       NA       NA   0.4860   0.2840  0.962150        NA       NA       NA   0.3961   0.2500   0.674041  0.204000   0.024000   638.0000   6.617000   0.180567   0.033522   0.073940   0.134490   0.198400   0.224140   0.174110   0.132570
 0.0720   0.0720   0.1160   0.2140   0.1120  0.112515    0.0695   0.0695   0.1098   0.1939   0.1062   0.106624     NA         NA      1221.000      NA         NA         NA      0.541300   0.569890   0.563270   0.563100   0.510880   0.519000
 0.3280   0.4790   0.7140   0.7580   0.6780  1.253136    0.2837   0.3914   0.5388   0.5642   0.5176   0.812323  0.331000   0.075000   2506.000   6.051000   0.153491   0.043888   0.145330   0.179530   0.168250   0.189230   0.282400   0.322300
     NA       NA       NA   0.1510   0.1030  0.139753        NA       NA       NA   0.1406   0.0980   0.130811     NA         NA      17.00000      NA         NA         NA         NA         NA         NA      0.418890   0.319850   0.327030
 0.0140   0.1830   0.8230   1.2310   2.2400  1.865783    0.0139   0.1681   0.6005   0.8024   1.1756   1.052842  0.172000   0.284000   945.0000   8.040000   0.151848   0.024100      NA      0.218700   0.253320   0.280050   0.377920   0.274040
 0.0500   0.0910   0.0000   0.0040   0.0170  0.013566    0.0488   0.0871   0.0000   0.0040   0.0169   0.013475     NA         NA      57.00000      NA         NA         NA         NA      0.129390   0.176140   0.283120   0.385630      NA
 0.8480   0.4010   0.1540   0.0530   0.0730  0.074366    0.6141   0.3372   0.1432   0.0516   0.0705   0.071730  0.218000   0.543000   164.0000   2.368000   0.313509   0.061827   0.298950   0.325626   0.332740   0.416680   0.450580   0.494450
 0.0140   0.1830   1.3090   7.3420   3.9410  3.297125    0.0139   0.1681   0.8368   2.1213   1.5976   1.457946  0.103000   0.000000   236.0000   7.206000   0.198324   0.019442      NA      0.184851   0.180460   0.155820   0.124050      NA
 1.8550   0.9380   0.5050   1.8450   1.3000  0.096951    1.0491   0.6617   0.4088   1.0456   0.8329   0.092534  0.122000   0.381000   2345.000   7.289000   0.137534   0.015832      NA      0.198928   0.218940   0.250130   0.178020   0.158750
 0.0860   0.2650   0.7400   1.3810   0.5310  2.625916    0.0825   0.2351   0.5539   0.8675   0.4259   1.288107  0.183000   0.000000   753.0000   8.058000   0.157541   0.026475      NA      0.221040   0.301890   0.349690   0.344150   0.290450
 0.0860   0.0970   0.3590   1.4900   0.9350  0.526123    0.0825   0.0926   0.3067   0.9123   0.6601   0.422731  0.229000   0.867000   391.0000   9.588000   0.158065   0.032593      NA         NA         NA         NA      0.309610   0.479040
     NA       NA       NA       NA       NA  0.105000        NA       NA       NA       NA       NA   0.099845  0.177000   0.000000      NA         NA         NA         NA         NA         NA         NA         NA         NA         NA
     NA       NA       NA   0.0870   0.0820  0.106250        NA       NA       NA   0.0834   0.0788   0.100976  0.095000   0.093000   0.500000   5.184000   0.389692   0.035366      NA      0.614365   0.524075   0.453680   0.439190   0.496430
 0.0000   0.0000   0.0000   0.0000   0.0000  0.000000    0.0000   0.0000   0.0000   0.0000   0.0000   0.000000  0.046000   0.019000   9976.000   2.430000   0.204244   0.009186   0.334474   0.438280   0.497033   0.578030   0.640890   0.636940
 0.2210   0.2320   0.3400   0.0880   0.3970  0.005158    0.1997   0.2086   0.2927   0.0843   0.3343   0.005145  0.157000   0.703000   51.00000   6.448000   0.248714   0.036270   0.189639   0.198405   0.222951   0.303880   0.393780   0.358430
     NA       NA       NA       NA       NA  0.167593        NA       NA       NA       NA       NA   0.154944  0.305000   0.000000      NA         NA         NA         NA         NA         NA         NA         NA         NA         NA
 0.3690   0.2240   0.2260   0.3310   0.5020  0.091656    0.3141   0.2021   0.2038   0.2859   0.4068   0.087696     NA         NA      49.00000      NA         NA         NA      0.154651   0.167048   0.203897   0.241030   0.231450   0.255280
 0.1900   0.1440   0.1760   0.2570   1.0060  2.122500    0.1740   0.1345   0.1621   0.2287   0.6961   1.138634  0.133000   0.043000   21.00000   4.829000   0.299252   0.037367   0.200041   0.218924   0.247769   0.272170   0.320320   0.301610
     NA       NA       NA       NA       NA  0.167593        NA       NA       NA       NA       NA   0.154944  0.182000   0.094000      NA         NA         NA         NA         NA         NA         NA         NA         NA         NA
 0.0000   0.0000   0.0000   0.0000   0.1620  0.491964    0.0000   0.0000   0.0000   0.0000   0.1501   0.400093  0.084000   0.823000   109.0000   4.707000   0.258865   0.020880   0.136323   0.171189   0.195540   0.217200   0.230530   0.235880
 0.0000   0.0000   0.0000   0.0000   0.0000  1.012500    0.0000   0.0000   0.0000   0.0000   0.0000   0.699378  0.101000   0.118000   28.00000   4.131000   0.306603   0.029501   0.109287   0.098167   0.141510   0.235420   0.347420   0.359240
 0.0000   0.0000   0.0000   0.0000   0.1060  0.608750    0.0000   0.0000   0.0000   0.0000   0.1007   0.475457     NA         NA      112.0000      NA         NA         NA      0.145766   0.162211   0.210600   0.232550   0.258870   0.306430
 0.0200   0.0940   0.2500   0.5600   0.5600  0.192809    0.0198   0.0898   0.2231   0.4447   0.4447   0.176311  0.106000   0.105000   11.00000   4.434000   0.324171   0.032660   0.222818   0.276920   0.348450   0.351560   0.432210   0.526630
 0.0000   0.0000   0.0000   0.0410   0.2130  0.189532    0.0000   0.0000   0.0000   0.0402   0.1931   0.173560  0.082000   0.064000   1958.000   4.769000   0.182525   0.014385      NA         NA         NA         NA      0.278280   0.230370
 0.3200   0.1860   0.1920   0.3760   2.9550     NA       0.2776   0.1706   0.1756   0.3192   1.3750      NA     0.148000   0.684000   130.0000   7.097000   0.215275   0.029713   0.129180   0.153460   0.169430   0.192650   0.351690   0.391480
 0.0000   0.0000   0.0000   0.0000   0.0000     NA       0.0000   0.0000   0.0000   0.0000   0.0000      NA        NA         NA      77.00000      NA         NA         NA      0.168420   0.201590   0.264590   0.348340   0.420630   0.438240
     NA       NA       NA       NA       NA  0.167593        NA       NA       NA       NA       NA   0.154944  0.141000   0.031000      NA         NA         NA         NA         NA         NA         NA         NA         NA         NA
     NA       NA       NA       NA       NA  0.167593        NA       NA       NA       NA       NA   0.154944  0.100000   0.031000      NA         NA         NA         NA         NA         NA         NA         NA         NA         NA
     NA       NA       NA   0.2240   0.4510  0.403946        NA       NA       NA   0.2021   0.3723   0.339287  0.293000   0.245000   5.000000   6.224000   0.312455   0.080290   0.222800   0.233228   0.293610   0.317610   0.428200   0.547550
 0.0000   0.0000   0.0000   0.0000   0.0000  0.000000    0.0000   0.0000   0.0000   0.0000   0.0000   0.000000  0.020000   0.123000   9373.000   6.693000   0.109614   0.002171   0.629370   0.623465   0.616440   0.609200   0.612700   0.667950
 0.1600   0.0670   0.3770   0.3840   0.3390  0.485375    0.1484   0.0649   0.3199   0.3250   0.2919   0.395667  0.294000   0.055000   2767.000   9.222000   0.110885   0.028579      NA         NA      0.242907   0.187360   0.228240      NA
 0.0300   0.1370   0.3680   0.0880   1.1870  0.084312    0.0296   0.1284   0.3133   0.0843   0.7825   0.080946  0.129000   0.042000   1099.000   6.662000   0.165784   0.020115      NA      0.127902   0.149015   0.154690   0.143590      NA
 0.2400   0.0550   0.1300   0.2580   0.3560  0.632159    0.2151   0.0535   0.1222   0.2295   0.3045   0.489904  0.159000   0.047000   8512.000   9.536000   0.078488   0.011581      NA      0.166217   0.199838   0.213660   0.191380      NA
 0.5400   0.5400   4.1440   0.1010   0.1860  0.212790    0.4318   0.4318   1.6378   0.0962   0.1706   0.192924  0.213000   0.098000   757.0000   9.938000   0.137482   0.026547   0.028773   0.140841   0.196808   0.146590   0.352230      NA
 0.1840   0.2870   0.1440   0.0360   0.0470  0.126732    0.1689   0.2523   0.1345   0.0354   0.0459   0.119322  0.310000   0.520000   1139.000   6.680000   0.164598   0.044446   0.207008   0.199973   0.181777   0.220120   0.273490      NA
 0.2010   0.1780   0.0940   0.0750   0.5070  0.156972    0.1832   0.1638   0.0898   0.0723   0.4101   0.145806  0.275000   0.399000   284.0000   7.635000   0.188016   0.045678   0.159985   0.172904   0.203847   0.201280   0.196690   0.175230
     NA       NA       NA   0.4710   2.0920  6.378888        NA       NA       NA   0.3859   1.1288   1.998623  0.118000   0.013000   215.0000   6.084000   0.216825   0.024185   0.229770   0.285795   0.354100   0.480240   0.833330   1.120250
 0.1010   0.1470   0.2450   0.0990   0.6840  0.377794    0.0962   0.1371   0.2191   0.0944   0.5212   0.320484  0.463000   0.013000   407.0000   5.810000   0.204611   0.077852   0.094670   0.141970   0.169710   0.197630   0.208280   0.165590
 0.0230   0.0760   0.6290   0.2750   0.0360     NA       0.0227   0.0733   0.4880   0.2429   0.0354      NA     0.409000   0.370000   1285.000   8.707000   0.136287   0.046730   0.208140   0.209700   0.237000   0.200340   0.175220   0.151500
     NA       NA       NA       NA       NA  7.186521        NA       NA       NA       NA       NA   2.102489     NA         NA      163.0000      NA         NA         NA         NA         NA      0.277750   0.335680   0.475900   0.965590
 0.0210   0.0160   0.4510   0.0800   0.0190  0.118102    0.0208   0.0159   0.3723   0.0770   0.0188   0.111633  0.207000   0.030000   177.0000   7.835000   0.197853   0.037224   0.275730   0.207163   0.191630   0.228180   0.391190   0.361800
 0.3040   0.0020   0.0010   0.0020   0.4670  1.534483    0.2654   0.0020   0.0010   0.0020   0.3832   0.929990  0.182000   0.002000   912.0000   5.441000   0.189867   0.031747   0.188520   0.236123   0.315030   0.503090   0.576130   0.510220
 0.8760   0.0030   0.0260   0.0100   0.0000  2.883399    0.6291   0.0030   0.0257   0.0100   0.0000   1.356711     NA         NA         NA         NA         NA         NA      0.069939   0.104553   0.144655   0.184930   0.224210      NA
     NA       NA       NA       NA       NA     NA           NA       NA       NA       NA       NA      NA     0.048000   0.020000      NA         NA         NA         NA         NA         NA         NA         NA         NA         NA
 0.6100   0.8190   1.1290   0.9890   0.8100  2.171709    0.4762   0.5983   0.7557   0.6876   0.5933   1.154271  0.409000   0.497000   144.0000   6.969000   0.214345   0.073495      NA         NA         NA      0.158460   0.206710   0.276350
 1.4900   3.1960   2.4090   3.2580   3.7930  4.973588    0.9123   1.4341   1.2264   1.4488   1.5672   1.787348     NA         NA      677.0000      NA         NA         NA      0.291092   0.298135   0.242180   0.214340   0.275760   0.321330
     NA       NA       NA       NA       NA  0.519405        NA       NA       NA       NA       NA   0.418319  0.254000   0.291000      NA         NA         NA         NA         NA         NA         NA         NA         NA         NA
 0.0020   0.0060   0.0000   0.0000   0.0000  0.000000    0.0020   0.0060   0.0000   0.0000   0.0000   0.000000  0.000000   0.001000   1.000000   5.041000   0.374328   0.000000      NA         NA         NA         NA         NA         NA
 0.5230   0.5330   0.4270   0.1620   0.1490  0.120833    0.4207   0.4272   0.3556   0.1501   0.1389   0.114072  1.319000   0.888000   3288.000   7.142000   0.130682   0.109921      NA      0.048786   0.112010   0.146740   0.160990   0.246230
 0.1470   0.4800   0.0320   0.0360   0.0440  0.121428    0.1371   0.3920   0.0315   0.0354   0.0431   0.114602  0.137000   0.101000   1905.000   8.914000   0.123818   0.015897   0.258165   0.247433   0.269020   0.333780   0.374540   0.426260
 0.1410   0.0300   0.0320   0.1960   3.1950  10.35354    0.1319   0.0296   0.0315   0.1790   1.4339   2.429529  0.390000   0.863000   1648.000   5.572000   0.172223   0.056714   0.189059   0.259056   0.287500   0.351150   0.524370   0.576930
 0.1260   0.1300   0.1620   0.1830   1.1000  3.499553    0.1187   0.1222   0.1501   0.1681   0.7419   1.503978  0.086000   0.180000   438.0000   6.206000   0.196438   0.016206   0.212256   0.212880   0.213160      NA         NA         NA
 0.2100   0.1040   0.2540   0.2430   0.1040  0.097274    0.1906   0.0989   0.2263   0.2175   0.0989   0.092829     NA         NA      21.00000      NA         NA         NA      0.294374   0.187650   0.488000   0.553200   0.667240   0.682420
 0.0000   0.0000   0.0000   0.0000   0.0000  0.000000    0.0000   0.0000   0.0000   0.0000   0.0000   0.000000  0.020000   0.058000   378.0000   8.789000   0.167210   0.003311   0.635820   0.705600   1.046690   1.231840   1.450130   1.677720
 0.0210   0.0270   0.0530   0.0260   0.0160  0.066152    0.0208   0.0266   0.0516   0.0257   0.0159   0.064056  0.187000   0.109000   89.00000   4.723000   0.263813   0.045225   0.325501   0.536560   0.728420   0.844360   0.997880   1.301100
 0.6020   0.1210   0.1110   0.0700   0.0860  0.069243    0.4713   0.1142   0.1053   0.0677   0.0825   0.066951  0.137000   0.100000   99.00000   6.658000   0.228424   0.029328   0.116765   0.194880   0.334060   0.295560   0.344580   0.401960
 0.0000   0.0000   0.0000   0.0000   0.0020  0.021211    0.0000   0.0000   0.0000   0.0000   0.0020   0.020989  0.027000   0.053000   18.00000   6.768000   0.271191   0.007225   0.255280   0.334060   0.287310   0.331250   0.588390   0.844850
 0.0180   0.0150   0.0050   0.0030   0.0030  0.018684    0.0178   0.0149   0.0050   0.0030   0.0030   0.018512  0.087000   0.045000   330.0000   7.545000   0.185240   0.015453   0.283300   0.308420   0.408050   0.634200   0.765580   1.112010
 0.2070   0.9940   0.3690   0.1940   0.2700  0.227989    0.1881   0.6901   0.3141   0.1773   0.2390   0.205378  0.104000   0.045000   141.0000   5.465000   0.237988   0.023546   0.064368   0.089493   0.124980   0.169920   0.239140   0.295750
 0.0000   0.0000   0.0010   0.0000   0.0000  0.022581    0.0000   0.0000   0.0010   0.0000   0.0000   0.022330  0.013000   0.020000   212.0000      NA         NA         NA         NA         NA         NA      0.182350   0.193150   0.297960
 0.6100   0.8250   0.8570   0.2530   0.3480  0.082509    0.4762   0.6016   0.6190   0.2255   0.2986   0.079282  0.411000   0.075000   796.0000   6.875000   0.171181   0.058937   0.324190   0.375520   0.443570   0.364200   0.387990   0.406330
 0.3400   0.0920   0.0790   0.0710   0.1110  0.050572    0.2927   0.0880   0.0760   0.0686   0.1053   0.049335  0.221000   0.467000   300.0000   8.226000   0.179508   0.035842   0.216400   0.237160   0.223870   0.223850   0.253830   0.260830
 0.0180   0.0020   0.0000   0.0000   0.0080  0.021408    0.0178   0.0020   0.0000   0.0000   0.0080   0.021182  0.079000   0.019000   2150.000   7.259000   0.140183   0.010659      NA      0.171520   0.140930   0.181420   0.258370   0.561010
 0.0180   0.0150   0.0050   0.0030   0.0000  0.006840    0.0178   0.0149   0.0050   0.0030   0.0000   0.006817  0.016000   0.005000   1.000000   8.776000   0.321658   0.005106      NA      0.574510   0.627890   0.710370   0.842260   1.071870
 0.8710   1.3430   0.8060   0.3460   0.2080  0.153998    0.6265   0.8514   0.5911   0.2971   0.1890   0.143232  0.280000   0.080000   66.00000   7.367000   0.229353   0.056618   0.317500   0.318280   0.274140   0.275750   0.349250   0.368420
 0.1070   0.1250   0.1120   0.0550   0.4380  5.612451    0.1017   0.1178   0.1062   0.0535   0.3633   1.888954  0.163000   0.538000   185.0000   4.584000   0.247626   0.037392      NA      0.294160   0.339700   0.383430   0.479150   0.655040
 0.1540   0.0440   0.0800   0.0200   0.0600  0.039491    0.1432   0.0431   0.0770   0.0198   0.0583   0.038731  0.073000   0.375000   36.00000   6.919000   0.251073   0.017690      NA         NA         NA         NA         NA         NA
 0.0270   0.0010   0.0000   0.0040   0.0000  0.000000    0.0266   0.0010   0.0000   0.0040   0.0000   0.000000  0.294000   0.055000   513.0000   7.071000   0.179933   0.046376   0.243650   0.277260   0.328370   0.365180   0.445000   0.635270
     NA       NA       NA       NA       NA  0.023563        NA       NA       NA       NA       NA   0.023290  0.029000   0.006000      NA         NA         NA         NA         NA         NA         NA         NA         NA         NA
     NA       NA       NA   0.1280   0.1150  0.366956        NA       NA       NA   0.1204   0.1089   0.312586  0.161000   0.128000   195.0000   6.137000   0.218540   0.032624      NA         NA         NA      0.480790   0.650420   0.726600
 0.0000   0.0000   0.0000   0.0000   0.0000  0.006370    0.0000   0.0000   0.0000   0.0000   0.0000   0.006350  0.047000   0.021000   84.00000   1.770000   0.358556   0.016468   0.563213   0.514798   0.552306   0.663780   0.773270   0.815400
 0.0000   0.0000   0.0000   0.0000   0.0000  0.008879    0.0000   0.0000   0.0000   0.0000   0.0000   0.008840  0.036000   0.112000   31.00000   1.267000   0.416234   0.014721   0.599989   0.590533   0.566005   0.566840   0.551760   0.564950
 0.0300   0.0400   0.0610   0.0710   0.0730  0.021368    0.0296   0.0392   0.0592   0.0686   0.0705   0.021143  0.078000   0.354000   9.000000   4.187000   0.334834   0.025149   0.483759   0.516147   0.599307   0.786150   0.670930   0.693240
 0.0000   0.0000   0.0000   0.0000   0.0000  0.000000    0.0000   0.0000   0.0000   0.0000   0.0000   0.000000  0.042000   0.112000   43.00000   2.093000   0.360042   0.014813   0.475460   0.464965   0.425088   0.430830   0.443910   0.584310
 0.0000   0.0000   0.0000   0.0000   0.0000  0.000000    0.0000   0.0000   0.0000   0.0000   0.0000   0.000000  0.059000   0.067000   338.0000   2.836000   0.277573   0.015912   0.408495   0.410255   0.403916   0.391670   0.413790   0.474250
 0.0000   0.0000   0.0000   0.0000   0.0000  0.000000    0.0000   0.0000   0.0000   0.0000   0.0000   0.000000  0.019000   0.050000   552.0000   2.105000   0.293138   0.005517   0.500615   0.576198   0.623902   0.698680   0.698520   0.727520
 0.0000   0.0000   0.0000   0.0000   0.0000  0.000000    0.0000   0.0000   0.0000   0.0000   0.0000   0.000000  0.039000   0.119000   249.0000   2.317000   0.304720   0.011658   0.424760   0.517631   0.543853   0.599520   0.613510   0.642350
 0.0070   0.0380   0.0370   0.0470   0.0890  0.124778    0.0070   0.0373   0.0363   0.0459   0.0853   0.117586  0.041000   0.142000   132.0000   3.273000   0.288405   0.011589   0.322412   0.381694   0.473908   0.554470   0.675270   0.778490
 3.3080   3.6520   2.8010   1.1040   0.2700  0.403868    1.4605   1.5373   1.3353   0.7438   0.2390   0.339231     NA         NA         NA         NA         NA         NA         NA         NA         NA         NA         NA         NA
     NA       NA       NA       NA       NA     NA           NA       NA       NA       NA       NA      NA        NA         NA      103.0000      NA         NA         NA      0.387788   0.377063   0.316720   0.228850   0.230630   0.299490
 0.0000   0.0000   0.0000   0.0000   0.0000  0.000000    0.0000   0.0000   0.0000   0.0000   0.0000   0.000000  0.019000   0.054000   70.00000   2.135000   0.345485   0.006503   0.621079   0.588580   0.576410   0.560380   0.526460   0.462840
 0.0000   0.0000   0.0000   0.0000   0.0000  0.000000    0.0000   0.0000   0.0000   0.0000   0.0000   0.000000  0.021000   0.069000   301.0000   2.611000   0.288440   0.005995   0.658578   0.793920   0.872480   0.869830   0.759410   0.740700
 0.0000   0.0000   0.0000   0.0000   0.0000  0.000000    0.0000   0.0000   0.0000   0.0000   0.0000   0.000000  0.036000      NA      3.000000      NA         NA         NA         NA         NA         NA      0.730190   0.841260      NA
     NA       NA   0.0150   0.0150   0.0760  0.038186        NA       NA   0.0149   0.0149   0.0733   0.037475     NA         NA      0.500000      NA         NA         NA      1.598580   1.586740   1.691800   1.480880   1.303600   1.351370
 0.0000   0.0000   0.0000   0.0000   0.0000  0.000000    0.0000   0.0000   0.0000   0.0000   0.0000   0.000000  0.040000   0.126000   37.00000   1.925000   0.371898   0.014586   0.607810   0.585070   0.613230   0.719570   0.819310   0.814580
 0.0000   0.0000   0.0000   0.0000   0.0000  0.000000    0.0000   0.0000   0.0000   0.0000   0.0000   0.000000  0.014000   0.041000   324.0000   2.582000   0.287587   0.003998   0.527490   0.534460   0.559110   0.542210   0.512520   0.594400
 3.1670   4.2880   3.7840   3.5800   6.7000  3.731286    1.4272   1.6654   1.5653   1.5217   2.0412   1.554197     NA         NA         NA         NA         NA         NA         NA         NA         NA         NA         NA         NA
 0.0020   0.0000   0.0050   0.1290   0.0820  0.084467    0.0020   0.0000   0.0050   0.1213   0.0788   0.081089  0.047000   0.194000   92.00000   3.320000   0.296437   0.013615   0.689440   0.783440   0.908910   0.886730   1.047460   1.037030
 0.0000   0.0000   0.0000   0.0000   0.0000  0.000000    0.0000   0.0000   0.0000   0.0000   0.0000   0.000000  0.042000   0.123000   505.0000   3.970000   0.235179   0.009676   0.601130   0.629450   0.770430   0.764000   0.739620   0.640180
 0.0000   0.0000   0.0000   0.0000   0.0000  0.000000    0.0000   0.0000   0.0000   0.0000   0.0000   0.000000  0.033000   0.028000   450.0000   2.969000   0.265778   0.008629      NA      0.004020   0.003540   0.003750   0.158920   0.493460
 0.0000   0.0000   0.0000   0.0000   0.0000  0.000000    0.0000   0.0000   0.0000   0.0000   0.0000   0.000000  0.012000   0.176000   41.00000   1.728000   0.379485   0.004527   1.019750   1.033610   1.033910   1.035530   1.235590   1.409840
 0.7490   0.4220   0.0730   0.2260   0.1260  0.068028    0.5590   0.3521   0.0705   0.2038   0.1187   0.065814  0.133000   0.872000   779.0000   4.545000   0.211059   0.026355   0.201930   0.249109   0.272150   0.237050   0.231720   0.252930
 0.0000   0.0000   0.0000   0.0000   0.0000  0.000000    0.0000   0.0000   0.0000   0.0000   0.0000   0.000000  0.018000   0.044000   245.0000   2.927000   0.282939   0.005048   0.365090   0.450140   0.531480   0.483430   0.528910   0.651090
 1.9160   0.2510   0.0460   0.0570   0.1660  0.149046    1.0702   0.2239   0.0450   0.0554   0.1536   0.138932  0.091000   0.370000      NA         NA         NA         NA         NA         NA         NA         NA         NA         NA
 0.0000   0.0000   0.0000   0.0000   0.0000  0.000000    0.0000   0.0000   0.0000   0.0000   0.0000   0.000000     NA         NA      7687.000      NA         NA         NA      0.496934   0.490142   0.448524   0.554170   0.636460   0.672560
     NA       NA       NA       NA       NA  0.077182        NA       NA       NA       NA       NA   0.074348     NA         NA      18.00000      NA         NA         NA      0.279070   0.301313   0.318901   0.327080   0.345120   0.392970
 0.0000   0.0000   0.0000   0.0000   0.0000  0.000000    0.0000   0.0000   0.0000   0.0000   0.0000   0.000000  0.176000      NA      269.0000   11.51800   0.150366   0.024377   0.271480   0.528400   0.488170   0.489940   0.500290   0.506180
     NA       NA       NA   0.1160   0.2740  0.070636        NA       NA       NA   0.1098   0.2422   0.068253  0.106000   0.002000   463.0000   5.343000   0.209219   0.021079      NA         NA         NA      0.270110   0.298420   0.329450
     NA       NA       NA       NA       NA  0.033997        NA       NA       NA       NA       NA   0.033431     NA         NA         NA         NA         NA         NA         NA         NA         NA         NA         NA         NA
     NA       NA       NA       NA       NA  0.217706        NA       NA       NA       NA       NA   0.196969     NA         NA         NA         NA         NA         NA         NA         NA         NA         NA         NA         NA
     NA       NA       NA       NA       NA  0.229836        NA       NA       NA       NA       NA   0.206881     NA         NA         NA         NA         NA         NA         NA         NA         NA         NA         NA         NA
     NA       NA       NA   0.1190   0.1920  0.373121        NA       NA       NA   0.1124   0.1756   0.317086     NA         NA         NA         NA         NA         NA         NA         NA         NA         NA         NA         NA

