 7.34   7.44   7.42   7.26   6.87    6.210   0.166000   0.154000   0.139000   0.120000   0.098000   0.080000   47.30000   50.20000   52.70000   55.00000   58.40000   61.50000   0.019800   0.028500   0.030600   0.030600   0.030300
   NA     NA     NA     NA     NA       NA      NA         NA         NA         NA         NA         NA         NA         NA         NA         NA         NA         NA      0.020900   0.020900   0.023900   0.025100   0.025300
 6.79   6.84   6.85   6.64    6.5    6.500   0.183000   0.166000   0.155000   0.138000   0.124000   0.118000   38.90000   41.90000   44.00000   45.30000   47.10000   49.40000   0.025800   0.026100   0.026200   0.026800   0.030900
 6.82    6.9    6.9   6.78   6.82    5.760   0.118000   0.112000   0.101000   0.087000   0.078000   0.071000   45.70000   47.70000   49.70000   51.70000   55.10000   58.30000   0.026400   0.025600   0.038100   0.035400   0.034400
 6.36   6.35   6.39   6.46    6.5    6.500   0.217000   0.193000   0.170000   0.159000   0.152000   0.142000   36.30000   38.30000   40.40000   42.40000   44.40000   46.40000      NA      0.019800   0.019200   0.023100   0.024800
  6.4    6.4    6.4   6.46    6.5    6.680   0.151000   0.142000   0.137000   0.132000   0.126000   0.117000   41.80000   43.70000   44.70000   45.40000   46.30000   47.90000   0.013500   0.013500   0.021000   0.020100   0.026500
  4.9    5.2   5.76    6.3    6.5    6.500   0.161000   0.143000   0.126000   0.114000   0.106000   0.098000   43.40000   45.60000   48.90000   51.50000   53.00000   55.10000   0.017700   0.022100   0.026800   0.031300   0.031600
   NA     NA     NA     NA     NA       NA      NA         NA         NA         NA         NA         NA         NA         NA         NA         NA         NA         NA      0.032700   0.029600   0.005100   0.014000   0.019900
 4.18   4.54   4.88    5.3    5.5    5.650   0.182000   0.167000   0.153000   0.146000   0.143000   0.136000   39.30000   40.40000   42.40000   44.70000   46.80000   49.10000   0.015600   0.015900   0.015900   0.023400   0.024400
 5.96   6.03   6.01   5.93   5.89    5.890   0.193000   0.183000   0.171000   0.159000   0.147000   0.136000   34.90000   36.40000   38.20000   40.20000   42.20000   44.50000   0.017500   0.017600   0.019700   0.021000   0.022800
   NA     NA     NA     NA     NA       NA      NA         NA         NA         NA         NA         NA         NA         NA         NA         NA         NA         NA         NA         NA         NA         NA         NA
 5.42   5.68   5.92      6      6    6.300   0.140000   0.118000   0.098000   0.087000   0.083000   0.076000   47.30000   49.40000   51.30000   53.30000   55.40000   57.70000   0.023000   0.025000   0.026000   0.030800   0.032100
 7.03   6.76   5.95   5.38   5.27    5.000   0.178000   0.172000   0.158000   0.132000   0.108000   0.091000   46.40000   48.80000   51.10000   54.20000   57.10000   59.60000   0.025800   0.023500   0.018700   0.026900   0.027200
  5.8    5.8    5.8   5.92   5.94    6.230   0.174000   0.165000   0.158000   0.151000   0.155000   0.156000   42.20000   42.80000   43.30000   44.10000   43.50000   45.30000   0.024000   0.026000   0.026000   0.027000   0.022800
 4.06   4.12   4.22   4.34   4.46    5.100   0.169000   0.153000   0.138000   0.126000   0.116000   0.107000   40.90000   42.40000   44.20000   46.30000   48.40000   51.10000   0.009300   0.008900   0.046800   0.044800   0.044800
 6.41    6.5    6.5    6.5    6.5    6.500   0.212000   0.199000   0.185000   0.172000   0.159000   0.147000   32.30000   34.10000   36.10000   38.10000   40.20000   42.40000   0.022800   0.020900   0.028200   0.034700   0.033100
  6.9   6.85   6.69   6.56    6.5    6.440   0.130000   0.119000   0.110000   0.104000   0.100000   0.093000   45.20000   47.50000   49.40000   50.60000   51.60000   53.20000   0.026500   0.020000   0.026500   0.017600   0.032300
   NA     NA     NA     NA     NA       NA      NA         NA         NA         NA         NA         NA         NA         NA         NA         NA         NA         NA      0.014400   0.016400   0.018500   0.020500   0.021700
 5.86    5.9    5.9   5.96      6    6.000   0.206000   0.196000   0.185000   0.175000   0.164000   0.151000   34.80000   35.10000   35.50000   35.80000   37.00000   38.70000  -0.005600   0.000400   0.035400   0.050700   0.018200
 7.22   7.36    7.4    7.4    7.4    7.400   0.163000   0.149000   0.135000   0.121000   0.109000   0.100000   39.50000   42.00000   44.50000   47.00000   49.50000   51.70000   0.036800   0.036800   0.040700   0.041900   0.041600
 7.93      8      8      8      8    7.810   0.123000   0.112000   0.102000   0.092000   0.083000   0.075000   45.00000   47.50000   50.00000   52.50000   54.90000   57.10000   0.035700   0.035700   0.035600   0.038200   0.040400
  5.8    5.8    5.8    5.8    5.8    5.800   0.148000   0.142000   0.134000   0.126000   0.116000   0.104000   47.70000   48.40000   49.00000   50.40000   52.20000   54.50000   0.020100   0.019900   0.022900   0.025500   0.026200
 6.25   6.35   6.46    6.5   6.56    6.540   0.152000   0.138000   0.124000   0.112000   0.100000   0.091000   41.50000   44.00000   46.50000   49.00000   51.50000   53.70000   0.026500   0.026500   0.029900   0.030900   0.032000
  6.6    6.6    6.6   6.51   6.45    6.430   0.218000   0.201000   0.181000   0.159000   0.138000   0.124000   41.00000   43.00000   45.40000   48.30000   50.70000   52.70000   0.023600   0.023500   0.023800   0.027300   0.031700
 7.75   7.75   7.75   7.66    7.6    7.600   0.206000   0.200000   0.193000   0.183000   0.169000   0.155000   37.90000   39.10000   40.40000   42.00000   43.70000   45.40000   0.022000   0.027300   0.029800   0.029900   0.038100
 6.49   6.51    6.5    6.5   6.62    6.880   0.209000   0.207000   0.204000   0.196000   0.184000   0.173000   35.90000   38.20000   40.40000   42.60000   44.40000   46.30000   0.024200   0.024900   0.020300   0.022000   0.022900
  6.5    6.5    6.5    6.5    6.5    6.500   0.190000   0.178000   0.166000   0.154000   0.142000   0.131000   35.30000   37.10000   39.10000   41.20000   43.20000   45.20000   0.022500   0.022400   0.023000   0.024700   0.026200
 5.83   4.84   3.65   3.14   2.67    2.220   0.068000   0.065000   0.060000   0.045000   0.032000   0.025000   59.40000   61.00000   62.40000   64.10000   65.40000   66.30000   0.022900   0.022700   0.012600   0.018000   0.010900
 7.16   7.11   6.97    6.3   5.62    5.060   0.161000   0.145000   0.128000   0.115000   0.102000   0.088000   46.90000   49.40000   51.90000   54.60000   57.30000   59.80000   0.027300   0.023300   0.024500   0.022700   0.026400
 6.91   6.78   6.64   6.53   6.38    6.300   0.189000   0.179000   0.170000   0.163000   0.156000   0.146000   35.20000   37.70000   40.50000   42.70000   44.70000   47.00000   0.021800   0.021800   0.024400   0.026400   0.026100
  6.8    6.8   6.86   6.96      7    7.000   0.190000   0.180000   0.170000   0.161000   0.150000   0.139000   35.40000   36.90000   38.40000   39.90000   41.70000   43.70000   0.024900   0.024800   0.027900   0.029200   0.029500
 6.84   6.89    6.9    6.9    6.9    6.660   0.189000   0.177000   0.158000   0.134000   0.118000   0.109000   39.70000   41.70000   43.70000   45.70000   47.70000   50.10000   0.025100   0.024700   0.024700   0.024700   0.032500
 7.19   7.54   7.82   7.96      8    8.000   0.145000   0.141000   0.140000   0.140000   0.135000   0.126000   46.50000   48.90000   47.70000   45.00000   45.40000   47.60000   0.029400   0.029500   0.033000   0.033000   0.031800
 6.43   6.42   6.47   6.59   6.65    6.560   0.179000   0.171000   0.164000   0.157000   0.147000   0.134000   39.60000   41.10000   42.60000   44.20000   45.20000   46.70000   0.023300   0.023300   0.023300   0.028000   0.028100
   NA     NA     NA     NA     NA       NA      NA         NA         NA         NA         NA         NA         NA         NA         NA         NA         NA         NA         NA         NA         NA         NA      0.009300
 6.26   6.36   6.46    6.5    6.5    6.500   0.219000   0.209000   0.197000   0.185000   0.172000   0.157000   31.50000   32.80000   34.30000   36.10000   38.10000   40.30000   0.013600   0.013600   0.019600   0.021400   0.023300
  6.7    6.7    6.7   6.71   6.75    6.770   0.174000   0.165000   0.158000   0.151000   0.145000   0.136000   36.10000   38.10000   40.10000   42.30000   44.20000   46.10000   0.034600   0.034600   0.027000   0.025500   0.028300
 6.51   6.15   5.66   5.25    4.9    4.600   0.134000   0.124000   0.114000   0.101000   0.088000   0.076000   49.20000   51.10000   53.10000   55.10000   57.10000   59.40000   0.021900   0.021900   0.023900   0.022200   0.022100
 6.67   6.67   6.67   6.67   6.62    6.500   0.169000   0.160000   0.149000   0.137000   0.123000   0.112000   38.80000   40.20000   41.90000   44.10000   46.70000   49.00000   0.020300   0.022900   0.028900   0.030800   0.031000
  6.5    6.5    6.5    6.5    6.5    6.500   0.152000   0.148000   0.145000   0.142000   0.133000   0.122000   40.40000   43.30000   46.10000   48.80000   51.70000   54.40000   0.031400   0.031900   0.027500   0.031400   0.032900
 6.46   6.56   6.42   6.42    6.8    7.000   0.146000   0.138000   0.132000   0.127000   0.119000   0.110000   40.60000   42.90000   45.10000   47.40000   49.70000   52.10000   0.029800   0.029800   0.033100   0.032500   0.034100
  6.5    6.5    6.5    6.5    6.5    6.500   0.179000   0.153000   0.129000   0.115000   0.106000   0.097000   39.50000   42.00000   44.50000   47.00000   49.50000   52.00000   0.028900   0.028800   0.024400   0.024400   0.032800
  7.1   6.97   6.42   5.86   5.19    4.410   0.158000   0.145000   0.127000   0.101000   0.078000   0.064000   48.60000   51.10000   54.20000   58.30000   61.90000   64.40000   0.018500   0.020400   0.018000   0.025800   0.025700
 6.92   6.91    6.9    6.9    6.9    6.900   0.131000   0.121000   0.117000   0.115000   0.113000   0.107000   43.20000   45.20000   46.60000   46.40000   46.00000   47.30000   0.041200   0.038100   0.025800   0.025800   0.030000
 5.95   5.96   6.04   6.09   6.09    6.090   0.148000   0.141000   0.131000   0.121000   0.111000   0.102000   42.10000   43.40000   45.20000   47.20000   49.20000   51.50000   0.019000   0.020600   0.027900   0.032700   0.030400
 6.61   6.64    6.7   6.75   6.75    6.750   0.134000   0.121000   0.106000   0.096000   0.090000   0.083000   41.80000   44.30000   46.50000   48.50000   50.10000   52.10000   0.027800   0.028300   0.030600   0.030600   0.034300
    8      8    7.7   7.22   6.78    6.160   0.109000   0.103000   0.096000   0.089000   0.082000   0.075000   45.50000   48.00000   50.50000   52.90000   55.00000   57.30000   0.038500   0.036600   0.028900   0.028900   0.036400
   NA     NA     NA     NA     NA       NA      NA         NA         NA         NA         NA         NA         NA         NA         NA         NA         NA         NA         NA         NA         NA         NA      0.019100
   NA     NA     NA     NA     NA       NA      NA         NA         NA         NA         NA         NA         NA         NA         NA      70.80000      NA         NA      0.003400   0.003400   0.005800   0.002400   0.003200
 3.81   3.11   2.26   1.82   1.75    1.660   0.027000   0.024000   0.019000   0.014000   0.010000   0.007900   71.10000   71.80000   72.50000   73.40000   74.70000   76.20000   0.018800   0.016100   0.012500   0.011500   0.010800
 7.01   6.26   4.88   3.94    3.6    3.360   0.074000   0.072000   0.062000   0.038000   0.020000   0.019000   61.90000   64.60000   67.10000   69.10000   71.70000   73.40000   0.034500   0.029500   0.026100   0.023900   0.023100
   NA     NA     NA     NA     NA       NA      NA         NA         NA         NA         NA         NA         NA         NA         NA         NA         NA         NA         NA         NA         NA         NA         NA
 7.35   6.93   6.05   5.07   4.41    3.930   0.123000   0.110000   0.098000   0.088000   0.079000   0.069000   52.20000   55.70000   58.70000   61.20000   63.30000   65.20000   0.028500   0.028500   0.026400   0.024200   0.023800
 6.83   6.71   6.31   5.86    5.4    5.000   0.140000   0.120000   0.103000   0.088000   0.075000   0.063000   50.80000   54.50000   57.60000   58.00000   57.30000   60.20000   0.031000   0.035100   0.025900   0.020500   0.010500
   NA     NA     NA     NA     NA       NA      NA         NA         NA         NA         NA         NA         NA         NA         NA         NA         NA         NA         NA         NA         NA         NA         NA
 6.88    6.7   6.52   6.42   6.23    5.910   0.124000   0.112000   0.100000   0.087000   0.075000   0.063000   45.90000   48.90000   52.50000   55.50000   58.00000   60.80000   0.030300   0.029700   0.027600   0.027700   0.028200
 6.15   6.15   5.92   5.51   5.17    4.870   0.190000   0.178000   0.162000   0.145000   0.132000   0.121000   42.40000   45.20000   47.60000   49.80000   51.90000   53.90000   0.016900   0.013900   0.019300   0.017600   0.018000
 7.29    7.4    7.4    6.9   6.33    5.790   0.142000   0.128000   0.115000   0.101000   0.087000   0.074000   46.80000   49.70000   52.70000   56.20000   60.20000   63.20000   0.034100   0.027100   0.031900   0.034600   0.035900
 5.27   5.42   5.41   4.53    3.6    3.060   0.061000   0.049000   0.040000   0.029000   0.023000   0.019000   63.00000   65.50000   67.20000   68.50000   71.30000   73.50000   0.014200   0.014200   0.017800   0.012300   0.014500
 6.75   6.72    6.5   5.48   4.48    3.830   0.091000   0.082000   0.073000   0.064000   0.056000   0.049000   57.30000   59.60000   61.70000   64.30000   66.60000   68.10000   0.032000   0.032500   0.032000   0.025700   0.021800
 7.33   7.19   6.87   6.47   6.09    5.680   0.138000   0.121000   0.106000   0.096000   0.083000   0.068000   47.30000   50.40000   53.50000   55.70000   58.40000   61.90000   0.026800   0.026000   0.032000   0.027900   0.033200
  5.9   5.74   5.21   4.41    3.7    3.270   0.068000   0.056000   0.047000   0.036000   0.028000   0.024000   60.90000   63.30000   65.50000   68.10000   70.30000   71.60000   0.029500   0.028600   0.026500   0.022500   0.021700
   NA     NA     NA     NA     NA       NA      NA         NA         NA         NA         NA         NA         NA         NA         NA         NA         NA         NA         NA         NA         NA         NA      0.019900
   NA     NA     NA     NA     NA       NA      NA         NA         NA         NA         NA         NA         NA         NA         NA         NA         NA         NA         NA         NA         NA         NA      0.016000
 5.12   4.33   3.63   3.37   3.24    2.960   0.052000   0.042000   0.034000   0.028000   0.025000   0.022000   63.90000   65.30000   66.20000   67.10000   68.20000   69.40000   0.031000   0.010500   0.011000   0.016400   0.015800
 3.65   2.91   2.48   1.77   1.84    1.840   0.026000   0.025000   0.020000   0.016000   0.013000   0.010000   69.80000   70.20000   70.80000   72.60000   73.70000   74.90000   0.014600   0.010800   0.010400   0.010600   0.009900
 3.11   3.07   3.11   3.28   3.23    3.040   0.061000   0.058000   0.052000   0.044000   0.038000   0.034000   65.20000   65.80000   66.80000   68.10000   69.30000   70.20000   0.015500   0.014500   0.016700   0.016100   0.014300
 6.65   6.59   6.52   6.43   6.31    6.140   0.166000   0.160000   0.153000   0.143000   0.130000   0.116000   42.80000   44.40000   46.10000   47.90000   49.90000   52.20000   0.022800   0.023700   0.024700   0.025900   0.026900
 6.15   5.65   4.94   4.41   3.97    3.600   0.114000   0.104000   0.095000   0.084000   0.074000   0.066000   54.90000   57.10000   59.00000   61.00000   62.80000   64.30000   0.029900   0.025700   0.023900   0.023100   0.022300
 5.29   4.78   3.95   3.19   2.84    2.760   0.113000   0.101000   0.080000   0.056000   0.032000   0.021000   57.30000   59.60000   62.40000   65.70000   69.50000   71.30000   0.023000   0.019200   0.017100   0.014800   0.016800
 6.72   6.34   5.26      4    3.5    3.310   0.103000   0.096000   0.079000   0.066000   0.058000   0.049000   53.20000   56.30000   59.10000   61.00000   63.10000   65.00000   0.032000   0.028000   0.020000   0.019400   0.018600
 6.91   6.78   6.31   5.65   5.16    4.600   0.123000   0.112000   0.100000   0.087000   0.075000   0.066000   53.40000   56.00000   58.00000   60.40000   63.10000   65.00000   0.029900   0.026600   0.030100   0.028800   0.028700
 6.14   5.58   4.83   4.15   3.52    3.140   0.067000   0.058000   0.056000   0.052000   0.048000   0.045000   60.20000   61.90000   64.70000   65.40000   65.30000   65.90000   0.024800   0.019100   0.017200   0.008100   0.007700
  6.8   6.56   5.95   5.29   4.91    4.670   0.085000   0.073000   0.059000   0.051000   0.047000   0.043000   63.90000   64.70000   65.30000   65.80000   66.30000   66.70000   0.025500   0.025200   0.026300   0.032000   0.032000
 6.85   6.68   6.04   5.28    4.7    4.230   0.141000   0.130000   0.116000   0.107000   0.101000   0.092000   48.00000   50.60000   53.90000   56.40000   58.00000   60.30000   0.030000   0.026700   0.027800   0.026300   0.022800
   NA     NA     NA     NA     NA       NA      NA         NA         NA         NA         NA         NA         NA         NA         NA         NA         NA         NA      0.027100   0.022800  -0.004300  -0.004400   0.022300
 2.87   2.84   2.92   2.96   2.83    2.670   0.050000   0.048000   0.047000   0.045000   0.036000   0.028000   67.30000   68.10000   68.80000   69.30000   70.10000   70.80000   0.011900   0.008400   0.001500   0.003900   0.003800
 6.46   6.12   5.34   4.65   4.24    3.900   0.079000   0.065000   0.053000   0.045000   0.041000   0.037000   59.80000   62.70000   65.20000   67.10000   68.50000   69.60000   0.038900   0.035700   0.035500   0.034200   0.028400
   NA     NA     NA     NA     NA       NA      NA         NA         NA         NA         NA         NA         NA         NA         NA         NA         NA         NA      0.020800   0.022800   0.023900   0.025500   0.025700
   NA     NA     NA     NA     NA       NA      NA         NA         NA         NA         NA         NA         NA         NA         NA         NA         NA         NA         NA         NA         NA      0.048700   0.036800
 6.98   6.82   6.98   6.59   6.12    5.720   0.155000   0.144000   0.140000   0.138000   0.132000   0.123000   43.60000   44.50000   44.90000   46.00000   47.90000   49.90000   0.024600   0.023800   0.027700   0.026700   0.027900
   NA     NA     NA     NA     NA       NA      NA         NA         NA         NA         NA         NA         NA         NA         NA         NA         NA         NA      0.021500   0.022500   0.021500   0.020700   0.019500
 3.39   6.36   5.78   3.39   2.54    2.300   0.132000   0.090000   0.069000   0.046000   0.041000   0.035000   36.30000   52.80000   59.20000   64.80000   66.90000   68.80000   0.013900   0.026900   0.022600   0.013700   0.011600
 5.06   4.53   3.34   2.54   2.07    1.850   0.041000   0.027000   0.019000   0.015000   0.011000   0.008500   66.00000   67.70000   70.00000   71.60000   74.10000   75.80000   0.032100   0.019200   0.020200   0.028900   0.015900
 6.57   6.23   5.77   5.35   4.95    4.480   0.163000   0.150000   0.139000   0.130000   0.116000   0.103000   42.50000   45.20000   47.50000   50.40000   53.70000   56.70000   0.022800   0.023300   0.022700   0.022700   0.021400
 5.43   5.51   5.47   5.01   4.33    3.720   0.138000   0.128000   0.118000   0.109000   0.099000   0.081000   41.50000   44.10000   47.40000   51.20000   54.70000   58.50000   0.039000   0.020700   0.024100   0.022400   0.020900
   NA     NA     NA     NA     NA       NA   0.157000   0.147000   0.122000   0.100000   0.079000   0.063000   46.00000   50.00000   55.90000   58.50000   60.60000      NA      0.034100   0.033000   0.032100   0.030300   0.034100
   NA     NA     NA     NA     NA       NA   0.139000   0.121000   0.131000   0.085000   0.077000   0.069000   46.00000   51.60000   53.00000   61.40000   62.40000   63.00000   0.030500   0.031900   0.032700   0.036200   0.035700
 3.87   3.81   3.78   3.55   3.24    2.980   0.031000   0.027000   0.025000   0.023000   0.015000   0.012000   71.70000   72.20000   71.20000   72.10000   72.80000   75.00000   0.038500   0.029700   0.030000   0.023100   0.017500
 2.04   2.02   2.13   1.91   1.78    1.730   0.030000   0.018000   0.013000   0.010000   0.007000   0.005500   67.70000   70.30000   71.90000   74.30000   76.00000   77.30000   0.009900   0.010700   0.014000   0.008500   0.006700
 7.75      8   7.87   7.54   7.15    6.690   0.133000   0.111000   0.090000   0.072000   0.058000   0.048000   47.20000   50.30000   54.60000   59.30000   62.70000   65.00000   0.029300   0.031700   0.024600   0.023400   0.036400
 5.64   4.84   4.24   3.51    2.8    2.320   0.082000   0.062000   0.051000   0.040000   0.032000   0.027000   54.20000   56.70000   59.90000   63.90000   66.80000   68.70000   0.027600   0.023200   0.020000   0.015500   0.014800
 7.34   7.44   7.17   6.36   5.52    4.980   0.087000   0.064000   0.042000   0.027000   0.024000   0.018000   59.80000   62.90000   66.10000   68.60000   70.80000   72.30000   0.097800   0.090600   0.060500   0.061900   0.044300
 6.81   6.25   5.47   4.56   4.01    3.840   0.071000   0.055000   0.045000   0.037000   0.030000   0.026000   54.30000   57.90000   61.50000   64.40000   66.90000   68.90000   0.030000   0.026200   0.024300   0.023200   0.026100
  5.8   6.05   6.38   6.53   6.37    6.020   0.186000   0.171000   0.157000   0.149000   0.142000   0.132000   38.50000   40.30000   42.40000   44.80000   47.30000   49.90000   0.019100   0.018600   0.024700   0.026200   0.026200
 7.18   7.18   7.18   7.18   7.18    7.180   0.212000   0.194000   0.170000   0.145000   0.124000   0.107000   40.30000   42.80000   45.30000   48.20000   51.10000   54.20000      NA         NA         NA         NA      0.046600
 6.92      7      7      7      7    6.820   0.161000   0.149000   0.142000   0.134000   0.124000   0.113000   43.30000   45.80000   48.10000   50.50000   53.00000   55.50000   0.026800   0.028500   0.031700   0.030100   0.030500
 6.97    6.8   6.39   5.46   4.82    4.240   0.079000   0.072000   0.066000   0.058000   0.052000   0.047000   53.10000   55.50000   57.20000   59.10000   61.00000   62.80000   0.029700   0.029700   0.027600   0.026700   0.025000
 7.22   7.26   7.28   7.29   7.28    7.220   0.168000   0.148000   0.128000   0.108000   0.091000   0.077000   44.70000   48.30000   52.30000   56.30000   59.70000   62.40000   0.032500   0.036200   0.046600   0.051300   0.041100
 5.45    4.7   3.09   2.08   1.74    1.670   0.035000   0.026000   0.020000   0.014000   0.012000   0.009200   63.70000   65.70000   67.70000   69.70000   71.50000   72.50000   0.027200   0.019000   0.017300   0.013000   0.011500
 5.27   4.87   4.27    3.9   3.48    2.900   0.069000   0.063000   0.058000   0.051000   0.043000   0.035000   62.30000   63.90000   63.50000   65.10000   68.00000   69.80000   0.023700   0.023400   0.015100   0.017600   0.014400
 7.31   7.66   7.73   7.54   7.28    6.930   0.133000   0.114000   0.096000   0.077000   0.063000   0.052000   50.00000   52.80000   55.80000   58.80000   61.60000   64.00000   0.031000   0.032300   0.034500   0.033600   0.034500
   NA     NA     NA     NA     NA       NA   0.032000   0.024000   0.017000   0.014000   0.011000   0.007300   65.40000   67.20000   69.60000   71.40000   72.40000   72.80000   0.031400   0.030100   0.019100   0.019500   0.015700
 6.44   6.31   5.41    4.5   3.81    3.100   0.101000   0.088000   0.073000   0.060000   0.051000   0.048000   52.70000   55.60000   58.40000   60.60000   62.20000   63.80000   0.030200   0.030400   0.029200   0.024300   0.020300
 6.91   6.81   6.52   5.94    5.4    4.980   0.142000   0.103000   0.068000   0.046000   0.034000   0.028000   53.40000   57.40000   61.10000   65.10000   68.20000   70.10000      NA         NA      0.161700   0.139600   0.057000
 6.97   6.97   6.97    7.1   7.11    7.010   0.212000   0.194000   0.175000   0.154000   0.136000   0.122000   37.40000   39.90000   42.40000   44.90000   47.40000   49.90000      NA         NA      0.028900   0.029500   0.024500
 2.72   2.69   2.31   1.84   1.69    1.480   0.038000   0.028000   0.026000   0.021000   0.014000   0.011000   68.80000   69.60000   70.30000   71.40000   72.70000   73.70000   0.005800   0.004700   0.003000   0.000500   0.000000
 2.57   2.61    2.2   1.74   1.67    1.490   0.031000   0.024000   0.021000   0.016000   0.011000   0.009400   69.70000   70.90000   71.20000   71.90000   73.20000   74.30000   0.007100   0.004000   0.003200   0.001100   0.000200
 3.44   3.04   2.44    2.2   2.28    2.330   0.030000   0.029000   0.029000   0.024000   0.018000   0.014000   68.80000   69.90000   71.00000   72.80000   74.40000   75.40000   0.003100   0.011000  -0.002000   0.006500   0.011400
 2.54   2.61   1.95   1.92   1.55    1.450   0.022000   0.019000   0.014000   0.010000   0.008000   0.007900   72.20000   72.70000   73.20000   73.80000   74.10000   74.90000   0.007600   0.007100   0.005200   0.002500  -0.000400
 2.71    2.4   1.83   1.69   1.69    1.660   0.003000   0.002000   0.001000   0.009000   0.008000   0.006300   68.50000   69.30000   70.30000   71.60000   73.20000   75.00000   0.006000   0.001800   0.004500   0.002900   0.005300
 2.73   2.83   2.48   1.93   1.97    1.820   0.027000   0.022000   0.018000   0.014000   0.010000   0.008300   70.40000   71.30000   72.00000   73.20000   74.90000   76.60000   0.013000   0.008100   0.007500   0.003800   0.005300
 2.37   2.51   2.02   1.45   1.44    1.280   0.034000   0.024000   0.023000   0.020000   0.013000   0.008900   69.40000   70.20000   70.50000   71.60000   73.20000   74.30000   0.011200   0.006800   0.003800  -0.000900  -0.001700
 2.28    2.3   2.34   2.36   2.23    1.680   0.040000   0.034000   0.030000   0.024000   0.018000   0.014000   68.80000   70.40000   71.80000   72.90000   74.30000   75.90000   0.005300   0.005600   0.005700   0.012800   0.005600
 2.02   1.81   1.96   2.38   1.91    1.830   0.048000   0.039000   0.036000   0.033000   0.023000   0.020000   68.40000   69.50000   69.60000   69.80000   69.50000   69.90000      NA         NA      0.003700   0.003400  -0.001000
   NA     NA     NA     NA     NA       NA      NA         NA         NA         NA         NA         NA         NA         NA         NA         NA         NA         NA      0.019500   0.010100   0.013300   0.009000   0.011100
 3.75   4.03   3.87   3.39   3.23    2.490   0.029000   0.025000   0.020000   0.018000   0.011000   0.009400   69.70000   70.80000   71.10000   71.70000   72.60000   73.50000   0.003100   0.005100   0.014800   0.013600   0.006900
 2.41   2.66   2.43   2.19   1.66    1.420   0.044000   0.036000   0.030000   0.021000   0.014000   0.011000   69.40000   70.40000   71.70000   72.60000   74.70000   76.30000   0.007000   0.006300   0.006500   0.003500   0.002600
   NA     NA     NA     NA     NA       NA      NA         NA         NA         NA         NA         NA         NA         NA         NA         NA         NA         NA      0.011100   0.004200   0.012000   0.002200   0.000500
   NA     NA     NA     NA     NA       NA      NA         NA         NA         NA         NA         NA         NA      69.40000      NA      70.50000      NA         NA     -0.006200   0.004300   0.001200   0.020800  -0.010700
 3.11   3.03   2.58   1.67    1.6    1.510   0.018000   0.014000   0.013000   0.011000   0.009000   0.008000   73.30000   73.50000   73.50000   74.40000   75.70000   76.50000   0.013600   0.011800   0.009400   0.007000   0.004800
 2.85   2.93    2.5   1.99   1.72    1.680   0.019000   0.017000   0.013000   0.011000   0.008000   0.008500   73.40000   73.70000   74.20000   75.00000   75.70000   76.50000   0.007800   0.008100   0.006600   0.004100   0.003000
 3.01   2.51   2.23   2.27   2.27    2.250   0.056000   0.042000   0.033000   0.025000   0.021000   0.018000   67.30000   69.30000   70.30000   70.70000   70.90000   71.20000      NA         NA         NA         NA      0.008900
 3.01   3.08   2.76   2.52   2.22    1.690   0.078000   0.065000   0.055000   0.039000   0.024000   0.018000   63.70000   65.50000   67.40000   68.90000   71.40000   72.90000   0.004100  -0.001900   0.008300   0.010000   0.004900
 2.86   2.94   2.84   2.79   2.22    1.610   0.044000   0.038000   0.028000   0.019000   0.011000   0.009300   68.90000   70.90000   72.30000   73.20000   74.90000   76.30000   0.010200   0.010500   0.010000   0.010300   0.006000
 2.17   2.39   1.94   1.78   1.68    1.740   0.017000   0.013000   0.011000   0.009000   0.007000   0.006800   73.20000   73.90000   74.50000   75.00000   75.90000   76.40000   0.006700   0.007800   0.003700   0.002800   0.001000
 2.34   2.57   2.09    1.6   1.55    1.510   0.021000   0.018000   0.015000   0.011000   0.009000   0.006900   71.30000   72.00000   73.20000   74.70000   75.80000   76.70000   0.017600   0.013600   0.004400  -0.000600   0.002700
 6.28   5.82   5.27    4.6   4.15    3.900   0.180000   0.162000   0.144000   0.127000   0.103000   0.082000   50.50000   53.80000   56.70000   59.30000   61.00000   63.10000   0.024900   0.025100   0.025000   0.022600   0.023100
 2.69   2.86   2.44    1.8   1.89    1.800   0.023000   0.020000   0.019000   0.016000   0.012000   0.009400   70.80000   71.10000   71.70000   72.40000   73.80000   74.70000   0.006800   0.004200   0.002600   0.000400   0.000900
 2.81   2.69   2.29   2.28   2.13    2.050   0.088000   0.072000   0.056000   0.040000   0.031000   0.029000   63.30000   65.80000   67.70000   68.60000   68.90000   70.40000   0.010900   0.009400   0.009500   0.008600   0.007200
 3.45   2.98   2.86   2.24   1.94    1.950   0.020000   0.019000   0.018000   0.014000   0.011000   0.009900   70.70000   70.90000   71.40000   72.80000   74.50000   75.80000   0.020600   0.018700   0.021000   0.011200   0.014000
 6.29   5.14   4.07   3.65   3.54    3.350   0.070000   0.059000   0.049000   0.040000   0.033000   0.025000   59.20000   61.70000   64.20000   66.40000   68.30000   69.80000   0.032700   0.022800   0.020500   0.019200   0.019800
 4.04   3.73   3.16   2.33   2.14    1.920   0.023000   0.020000   0.017000   0.016000   0.013000   0.011000   71.00000   71.20000   71.50000   72.10000   73.20000   74.40000   0.020400   0.013500   0.018100   0.001700   0.008400
 6.28   6.24   6.05   6.15   5.91    5.660   0.163000   0.140000   0.115000   0.093000   0.078000   0.067000   41.00000   44.20000   46.70000   49.20000   51.30000   53.20000   0.020500   0.024400   0.021400   0.026000   0.026800
   NA     NA     NA     NA     NA       NA      NA         NA         NA         NA         NA         NA         NA         NA         NA         NA         NA         NA         NA         NA         NA         NA      0.036000
   NA     NA     NA     NA     NA       NA      NA         NA         NA         NA         NA         NA         NA         NA         NA         NA         NA         NA         NA         NA         NA         NA         NA
   NA     NA     NA     NA     NA       NA      NA         NA         NA         NA         NA         NA         NA         NA         NA         NA         NA         NA         NA         NA         NA         NA         NA
   NA     NA     NA     NA     NA       NA      NA         NA         NA         NA         NA         NA         NA         NA         NA         NA         NA         NA         NA         NA         NA         NA      0.010100

