 7.380000   7.456000   7.368000   7.142000   6.632000   0.161000   0.149000   0.132000   0.111000   0.088000   48.40000   51.20   53.40   56.40  59.60
    NA         NA         NA         NA         NA         NA         NA         NA         NA         NA         NA         NA      NA      NA     NA
 6.810000   6.854000   6.808000   6.542000   6.500000   0.176000   0.161000   0.150000   0.131000   0.119000   40.00000   43.00   44.60   46.00  48.00
 6.876000   6.900000   6.876000   6.748000   6.828000   0.115000   0.109000   0.095000   0.083000   0.076000   46.60000   48.60   50.60   52.80  56.60
 6.360000   6.358000   6.418000   6.488000   6.500000   0.207000   0.184000   0.164000   0.157000   0.147000   37.20000   39.20   41.20   43.20  45.20
 6.400000   6.400000   6.412000   6.488000   6.500000   0.146000   0.140000   0.135000   0.130000   0.123000   42.60000   44.20   45.00   45.80  46.60
 4.960000   5.412000   5.988000   6.440000   6.560000   0.154000   0.136000   0.120000   0.111000   0.101000   44.20000   46.60   50.40   52.20  53.80
 7.020000   7.320000   7.244000   6.604000   5.862000      NA         NA         NA         NA         NA      53.00000   54.80   57.00   59.20  62.80
 4.312000   4.688000   5.024000   5.440000   5.530000   0.177000   0.161000   0.149000   0.145000   0.138000   39.80000   41.00   43.20   45.60  47.80
 5.994000   6.038000   5.984000   5.900000   5.900000   0.189000   0.179000   0.166000   0.154000   0.145000   35.40000   37.00   39.00   41.00  43.00
 7.000000   7.000000   7.000000   7.000000   7.000000   0.124000   0.115000   0.106000   0.097000   0.088000   44.80000   46.80   49.20   51.60  53.80
 5.512000   5.788000   5.976000   6.000000   6.060000   0.131000   0.110000   0.092000   0.085000   0.080000   48.20000   50.20   52.20   54.20  56.20
 6.998000   6.498000   5.630000   5.264000   4.930000   0.175000   0.168000   0.149000   0.121000   0.098000   47.20000   49.80   52.20   55.60  59.40
 5.800000   5.800000   5.824000   5.964000   5.978000   0.170000   0.162000   0.155000   0.151000   0.153000   42.40000   43.00   43.40   44.00  43.40
 4.072000   4.160000   4.264000   4.386000   4.612000   0.163000   0.147000   0.133000   0.122000   0.111000   41.40000   43.00   45.00   47.20  49.40
 6.474000   6.500000   6.500000   6.500000   6.500000   0.207000   0.193000   0.180000   0.167000   0.156000   33.00000   35.00   37.00   39.00  41.00
 6.886000   6.774000   6.636000   6.518000   6.452000   0.126000   0.115000   0.107000   0.102000   0.097000   46.20000   48.40   49.80   51.00  52.20
    NA         NA         NA         NA         NA         NA         NA         NA         NA         NA         NA         NA      NA      NA     NA
 5.888000   5.900000   5.912000   5.988000   6.000000   0.202000   0.192000   0.181000   0.171000   0.163000   35.00000   35.00   35.80   36.20  37.60
 7.288000   7.388000   7.400000   7.400000   7.352000   0.157000   0.143000   0.129000   0.116000   0.105000   40.20000   42.80   45.20   48.00  50.20
 7.978000   8.000000   8.000000   8.000000   7.962000   0.118000   0.108000   0.098000   0.088000   0.081000   45.80000   48.20   50.80   53.20  55.80
 5.800000   5.800000   5.800000   5.800000   5.800000   0.145000   0.139000   0.130000   0.122000   0.109000   48.00000   48.80   49.40   51.20  53.00
 6.290000   6.394000   6.488000   6.512000   6.588000   0.146000   0.132000   0.119000   0.107000   0.096000   42.20000   44.80   47.20   49.80  52.20
 6.600000   6.600000   6.582000   6.468000   6.448000   0.210000   0.194000   0.175000   0.155000   0.137000   41.80000   43.80   46.40   49.20  51.40
 7.750000   7.750000   7.732000   7.618000   7.600000   0.204000   0.197000   0.190000   0.177000   0.165000   38.40000   39.60   41.00   42.60  44.40
 6.510000   6.760000   6.500000   6.740000   6.500000   0.208000   0.206000   0.202000   0.191000   0.173000   36.80000   39.20   41.20   43.60  45.00
 6.500000   6.500000   6.500000   6.500000   6.500000   0.186000   0.173000   0.161000   0.149000   0.136000   36.00000   38.00   40.00   42.00  44.20
 5.582000   4.308000   3.348000   3.014000   2.464000   0.072000   0.065000   0.058000   0.050000   0.043000   60.20000   61.60   63.00   64.80  65.80
 7.148000   7.072000   6.794000   5.928000   5.122000   0.155000   0.138000   0.122000   0.110000   0.098000   47.80000   50.20   52.80   55.80  58.20
 6.854000   6.726000   6.592000   6.478000   6.316000   0.176000   0.163000   0.149000   0.140000   0.128000   36.20000   38.80   41.20   43.60  45.40
 6.800000   6.812000   6.900000   6.988000   7.000000   0.186000   0.176000   0.166000   0.157000   0.146000   36.00000   37.60   39.00   40.60  42.40
 6.866000   6.896000   6.900000   6.900000   6.900000   0.185000   0.171000   0.148000   0.126000   0.114000   40.60000   42.40   44.40   46.40  48.80
 7.322000   7.676000   7.888000   7.988000   8.000000   0.143000   0.137000   0.134000   0.131000   0.124000   47.80000   49.00   46.40   44.80  46.20
 6.430000   6.430000   6.508000   6.632000   6.632000   0.176000   0.168000   0.162000   0.154000   0.141000   40.20000   41.60   43.40   44.80  45.40
    NA         NA         NA         NA         NA         NA         NA         NA         NA         NA         NA         NA      NA      NA  69.00
 6.300000   6.400000   6.488000   6.500000   6.500000   0.215000   0.204000   0.193000   0.180000   0.169000   32.00000   33.40   35.00   37.00  39.00
 6.700000   6.700000   6.702000   6.722000   6.764000   0.170000   0.162000   0.155000   0.149000   0.141000   37.00000   39.00   40.80   43.20  45.00
 6.438000   5.926000   5.494000   5.102000   4.780000   0.130000   0.120000   0.109000   0.095000   0.082000   50.00000   52.00   54.00   56.00  58.20
 6.680000   6.680000   6.680000   6.668000   6.592000   0.165000   0.156000   0.144000   0.131000   0.119000   39.40000   41.00   42.80   45.20  47.20
 6.500000   6.500000   6.500000   6.500000   6.500000   0.150000   0.147000   0.144000   0.139000   0.125000   41.60000   44.40   47.20   50.00  52.80
 6.500000   6.552000   6.360000   6.536000   6.940000   0.143000   0.135000   0.130000   0.124000   0.114000   41.60000   43.80   46.00   48.20  50.80
 6.500000   6.500000   6.500000   6.500000   6.500000   0.169000   0.142000   0.122000   0.111000   0.102000   40.60000   42.80   45.20   48.00  50.20
 7.114000   6.790000   6.172000   5.602000   4.858000   0.154000   0.138000   0.120000   0.102000   0.083000   49.80000   52.20   55.20   58.60  61.20
 6.914000   6.910000   6.900000   6.900000   6.900000   0.126000   0.119000   0.116000   0.114000   0.113000   44.00000   45.80   47.00   46.00  46.20
 5.950000   5.986000   6.076000   6.090000   6.090000   0.145000   0.137000   0.127000   0.117000   0.107000   42.40000   44.00   46.00   48.00  50.00
 6.622000   6.658000   6.728000   6.750000   6.750000   0.129000   0.115000   0.101000   0.094000   0.089000   42.80000   45.20   47.20   49.40  50.80
 8.000000   7.940000   7.506000   7.040000   6.566000   0.106000   0.101000   0.093000   0.086000   0.080000   46.20000   49.20   51.60   53.80  55.80
    NA         NA      3.086000   2.844000   3.188000   0.049000   0.040000   0.030000   0.029000   0.025000   63.40000   65.00   66.60   67.80  68.80
 4.236000   3.480000   2.778000   2.268000   1.952000   0.046000   0.037000   0.026000   0.018000   0.013000   65.80000   67.60   69.40   71.20  72.80
 3.662000   2.624000   2.022000   1.786000   1.706000   0.027000   0.022000   0.017000   0.012000   0.010000   71.40000   72.00   73.00   74.20  75.60
 6.830000   5.754000   4.384000   3.768000   3.506000   0.085000   0.064000   0.051000   0.029000   0.018000   63.00000   65.80   68.00   69.80  72.60
    NA         NA         NA         NA         NA         NA         NA         NA         NA         NA         NA         NA      NA      NA  75.00
 7.252000   6.630000   5.644000   4.752000   4.216000   0.117000   0.105000   0.094000   0.084000   0.073000   53.60000   57.00   59.80   62.00  64.00
 6.816000   6.586000   6.114000   5.688000   5.226000   0.131000   0.113000   0.097000   0.082000   0.070000   52.40000   55.60   58.20   57.40  57.60
    NA         NA         NA         NA         NA         NA         NA         NA         NA         NA         NA         NA      NA      NA  67.70
 6.830000   6.612000   6.472000   6.372000   6.112000   0.119000   0.108000   0.095000   0.082000   0.071000   47.00000   50.40   53.60   56.20  58.80
 6.150000   6.102000   5.760000   5.362000   5.050000   0.187000   0.172000   0.155000   0.140000   0.127000   43.60000   46.20   48.40   50.60  52.80
 7.344000   7.408000   7.290000   6.626000   6.134000   0.136000   0.123000   0.110000   0.095000   0.080000   48.00000   51.00   54.00   57.80  61.60
 5.380000   5.412000   5.150000   3.960000   3.440000   0.055000   0.045000   0.036000   0.026000   0.021000   63.80000   66.20   67.60   69.40  72.40
 6.744000   6.666000   6.230000   4.986000   4.210000   0.087000   0.079000   0.069000   0.060000   0.052000   58.40000   60.40   62.80   65.20  67.40
 7.302000   7.080000   6.710000   6.314000   5.938000   0.131000   0.115000   0.101000   0.092000   0.077000   48.60000   51.60   54.40   56.60  59.40
 5.878000   5.574000   4.916000   4.094000   3.494000   0.063000   0.052000   0.043000   0.033000   0.026000   61.80000   64.20   66.60   69.20  70.80
 6.704000   6.142000   5.578000   5.016000   4.192000      NA         NA         NA         NA         NA      58.00000   61.20   64.40   67.40  70.40
 7.010000   6.210000   5.410000   4.610000   4.066000      NA         NA         NA         NA         NA      59.80000   61.60   63.60   65.40  67.40
 4.902000   3.966000   3.498000   3.308000   3.164000   0.046000   0.040000   0.031000   0.026000   0.025000   64.60000   65.60   66.40   67.40  68.60
 3.448000   2.622000   2.096000   1.774000   1.108000   0.025000   0.023000   0.019000   0.014000   0.008000   70.00000   70.40   71.60   73.20  74.40
 3.080000   3.058000   3.156000   3.342000   3.322000   0.060000   0.056000   0.049000   0.041000   0.035000   65.40000   66.20   67.40   68.60  69.60
 6.628000   6.562000   6.494000   6.386000   6.246000   0.164000   0.157000   0.150000   0.138000   0.125000   43.40000   45.00   46.60   48.60  50.80
 6.048000   5.340000   4.712000   4.222000   3.810000   0.109000   0.100000   0.091000   0.079000   0.069000   55.80000   57.80   59.80   61.60  63.40
 5.180000   4.446000   3.638000   2.976000   2.768000   0.116000   0.099000   0.073000   0.049000   0.027000   58.20000   60.80   63.60   67.20  70.40
 6.672000   6.008000   4.778000   3.900000   3.460000   0.106000   0.087000   0.074000   0.063000   0.054000   54.40000   57.60   59.80   61.80  64.00
 6.886000   6.646000   6.050000   5.420000   4.968000   0.119000   0.107000   0.095000   0.082000   0.068000   54.60000   56.80   58.80   61.40  64.20
 5.964000   5.290000   4.542000   3.904000   3.324000   0.062000   0.057000   0.055000   0.050000   0.047000   61.00000   62.60   65.60   65.00  65.60
 6.752000   6.358000   5.668000   5.094000   4.816000   0.080000   0.067000   0.054000   0.049000   0.045000   64.40000   65.00   65.60   66.00  66.40
 6.814000   6.494000   5.718000   5.024000   4.506000   0.136000   0.125000   0.111000   0.105000   0.096000   49.20000   51.80   55.40   57.00  58.80
 6.447000   5.930000   5.280000   4.644000   4.114000      NA         NA         NA         NA      0.047000   61.40000   63.60   64.00   64.40  65.20
 2.880000   2.836000   2.968000   2.918000   2.780000   0.049000   0.048000   0.047000   0.043000   0.031000   67.40000   68.60   69.00   69.60  70.20
 6.394000   5.852000   5.014000   4.468000   4.102000   0.073000   0.060000   0.050000   0.043000   0.038000   61.00000   63.80   66.20   67.60  68.80
    NA         NA         NA         NA         NA         NA         NA         NA         NA         NA         NA         NA      NA      NA     NA
 7.134000   6.870000   5.980000   5.242000   4.636000   0.110000   0.079000   0.056000   0.039000   0.032000   57.00000   60.00   63.60   67.40  69.00
 6.798000   6.894000   6.922000   6.350000   6.012000   0.151000   0.141000   0.142000   0.136000   0.130000   44.00000   44.80   45.20   46.80  48.60
    NA         NA         NA         NA         NA         NA         NA         NA         NA         NA         NA         NA      NA      NA     NA
 5.732000   5.950000   4.796000   2.798000   2.468000   0.130000   0.081000   0.061000   0.041000   0.040000   46.40000   55.40   61.60   65.80  67.60
 5.014000   4.004000   2.934000   2.320000   1.972000   0.035000   0.024000   0.018000   0.013000   0.010000   66.80000   68.80   70.40   72.40  75.20
 6.466000   6.042000   5.596000   5.188000   4.780000   0.158000   0.145000   0.135000   0.123000   0.097000   43.80000   46.20   48.40   51.60  54.80
 5.442000   5.532000   5.342000   4.780000   4.320000   0.134000   0.125000   0.117000   0.110000   0.101000   42.60000   45.40   48.60   51.20  53.80
 7.000000   6.850000   6.500000   6.060000   5.660000   0.157000   0.147000   0.122000   0.100000   0.079000   46.00000   50.00   55.90   58.50  60.60
 7.200000   7.200000   7.100000   7.000000   7.000000   0.139000   0.121000   0.131000   0.085000   0.077000   46.00000   51.60   53.00   61.40  62.40
 3.866000   3.794000   3.740000   3.480000   3.104000   0.030000   0.025000   0.024000   0.019000   0.015000   72.00000   71.60   71.60   72.80  74.20
 2.074000   2.064000   2.124000   1.830000   1.784000   0.025000   0.016000   0.012000   0.009000   0.007000   69.00000   71.20   73.00   75.20  76.60
 7.750000   7.200000   7.870000   7.535000   6.636000   0.124000   0.102000   0.082000   0.066000   0.055000   48.40000   52.00   56.60   60.00  63.20
 5.346000   4.548000   4.014000   3.186000   2.594000   0.073000   0.058000   0.047000   0.036000   0.031000   55.20000   57.80   61.40   65.40  67.60
 7.386000   7.408000   6.908000   5.986000   5.246000      NA      0.042000   0.040000   0.037000   0.023000   60.80000   64.40   67.20   69.40  71.60
 6.632000   5.938000   5.126000   4.250000   3.886000   0.064000   0.051000   0.042000   0.034000   0.031000   55.60000   59.40   62.80   65.20  67.80
 5.884000   6.176000   6.480000   6.502000   6.238000   0.181000   0.165000   0.154000   0.147000   0.139000   39.20000   40.60   42.40   44.00  45.80
 7.180000   7.180000   7.180000   7.168000   7.058000   0.206000   0.185000   0.160000   0.136000   0.119000   41.20000   43.80   46.40   49.40  52.20
 7.132000   7.180000   7.024000   7.000000   6.964000   0.156000   0.146000   0.139000   0.130000   0.120000   44.20000   45.60   46.60   48.00  50.00
 6.896000   6.694000   6.080000   5.102000   4.720000   0.076000   0.070000   0.063000   0.055000   0.052000   54.40000   56.40   58.00   59.80  61.60
 7.248000   7.264000   7.290000   7.282000   7.254000   0.160000   0.135000   0.111000   0.089000   0.048000   46.20000   50.00   54.00   57.80  60.80
 5.154000   3.992000   2.868000   1.912000   1.712000   0.031000   0.024000   0.019000   0.013000   0.013000   64.60000   66.60   68.60   70.60  71.80
 5.098000   4.652000   4.206000   3.848000   3.394000      NA         NA         NA         NA         NA      63.20000   64.00   63.40   66.40  69.00
 7.456000   7.738000   7.672000   7.440000   7.168000   0.125000   0.107000   0.088000   0.071000   0.059000   51.20000   54.00   57.00   60.00  62.60
 5.480000   4.440000   3.460000   2.800000   2.320000      NA         NA         NA         NA         NA      65.40000   67.20   69.60   71.40  72.40
 6.394000   6.100000   4.948000   4.248000   3.508000   0.096000   0.083000   0.066000   0.056000   0.050000   53.80000   56.80   59.40   61.40  62.80
 6.864000   6.772000   6.760000   6.662000   6.004000   0.128000   0.087000   0.059000   0.046000   0.038000   55.00000   58.80   62.60   65.40  67.60
 6.946000   6.784000   6.760000   6.760000   6.760000   0.207000   0.195000   0.183000   0.171000   0.159000   36.40000   37.80   39.20   41.20  43.80
 2.780000   2.612000   2.106000   1.692000   1.616000   0.033000   0.027000   0.025000   0.017000   0.014000   69.20000   70.00   70.60   71.80  72.80
 2.640000   2.422000   2.056000   1.712000   1.634000   0.028000   0.023000   0.019000   0.014000   0.012000   70.60000   71.00   71.20   72.40  73.40
 3.348000   2.792000   2.280000   2.206000   2.326000   0.029000   0.029000   0.028000   0.023000   0.017000   69.20000   70.40   71.40   73.60  74.00
 2.574000   2.340000   1.968000   1.720000   1.462000   0.020000   0.017000   0.013000   0.009000   0.009000   72.40000   73.00   73.40   74.00  74.40
 2.642000   2.176000   1.650000   1.664000   1.716000      NA         NA      0.011000   0.009000   0.008000   68.60000   69.60   70.60   72.20  73.60
 3.820000   2.670000   2.374000   1.870000   1.944000   0.026000   0.021000   0.016000   0.012000   0.009000   70.80000   71.60   72.40   74.00  75.60
 2.468000   2.428000   1.742000   1.414000   1.408000   0.029000   0.023000   0.022000   0.016000   0.013000   69.80000   70.00   70.80   72.40  73.80
 2.244000   2.454000   2.326000   2.310000   2.062000   0.039000   0.034000   0.026000   0.021000   0.015000   69.60000   71.00   72.60   73.40  75.00
 1.878000   1.958000   2.012000   2.182000   1.840000   0.045000   0.037000   0.034000   0.027000   0.021000   68.80000   70.00   70.00   70.00  70.00
 3.998000   3.324000   2.874000   2.448000   2.298000   0.017000   0.014000   0.012000   0.010000   0.008000   73.00000   73.40   74.40   75.80  77.00
 3.908000   3.890000   3.810000   3.284000   2.984000   0.029000   0.023000   0.018000   0.016000   0.012000   70.20000   71.00   71.20   72.00  73.00
 2.506000   2.566000   2.366000   1.960000   1.558000   0.041000   0.034000   0.027000   0.018000   0.013000   69.80000   70.80   72.00   73.60  75.40
 2.336000   2.220000   1.736000   1.484000   1.500000   0.030000   0.021000   0.018000   0.014000   0.014000   69.00000   69.80   70.60   71.80  72.80
 3.164000   2.246000   1.878000   2.158000   1.766000   0.035000   0.029000   0.022000   0.015000   0.014000   69.00000   69.40   70.60   71.00  72.40
 3.162000   2.828000   2.168000   1.612000   1.556000   0.017000   0.014000   0.012000   0.010000   0.009000   73.00000   74.00   74.00   75.00  76.00
 2.904000   2.814000   2.350000   1.828000   1.700000   0.018000   0.015000   0.012000   0.010000   0.008000   73.40000   74.00   74.40   75.40  76.80
 2.764000   2.348000   2.248000   2.250000   2.320000   0.052000   0.037000   0.028000   0.023000   0.020000   68.20000   69.80   70.60   71.00  71.00
 3.126000   2.976000   2.702000   2.376000   1.980000   0.078000   0.061000   0.046000   0.031000   0.021000   64.60000   66.20   68.00   69.60  72.80
 2.864000   2.902000   2.846000   2.606000   2.014000   0.042000   0.034000   0.024000   0.016000   0.010000   69.60000   71.60   72.80   73.40  75.40
 2.286000   2.210000   1.924000   1.674000   1.682000   0.015000   0.013000   0.011000   0.008000   0.007000   73.60000   74.00   74.80   75.40  77.00
 2.562000   2.364000   1.918000   1.528000   1.542000   0.021000   0.017000   0.013000   0.010000   0.009000   71.60000   72.40   73.60   75.40  77.40
 6.102000   5.610000   5.022000   4.350000   3.922000   0.174000   0.154000   0.138000   0.119000   0.090000   51.80000   54.40   57.40   60.20  62.80
 2.828000   2.686000   2.200000   1.764000   1.816000   0.022000   0.019000   0.018000   0.014000   0.012000   71.00000   71.20   72.00   72.80  74.00
 2.720000   2.566000   2.332000   2.206000   2.100000   0.082000   0.062000   0.046000   0.036000   0.031000   64.40000   66.60   68.20   69.00  69.20
 3.382000   2.898000   2.690000   2.070000   1.948000   0.020000   0.018000   0.017000   0.013000   0.010000   71.00000   71.00   71.80   73.40  75.60
 5.862000   4.660000   4.034000   3.896000   3.748000   0.066000   0.055000   0.045000   0.037000   0.032000   61.00000   61.00   61.00   62.00  64.40
 3.988000   3.396000   2.914000   2.226000   2.052000   0.021000   0.018000   0.016000   0.014000   0.013000   64.20000   71.00   72.00   72.40  73.80
 6.240000   6.150000   5.994000   6.140000   5.652000   0.154000   0.130000   0.106000   0.086000   0.076000   42.60000   45.20   47.80   50.20  51.80
    NA         NA      6.620000   7.242000   7.356000      NA         NA         NA         NA         NA         NA         NA      NA      NA  55.00
    NA      6.850000   6.100000   5.260000   4.380000   0.058000   0.057000   0.058000   0.060000      NA         NA         NA      NA   59.30  62.60
    NA         NA         NA         NA         NA         NA         NA         NA         NA         NA         NA         NA      NA      NA  36.70
    NA      7.160000   6.116000   5.700000   5.436000      NA         NA         NA         NA         NA         NA         NA      NA   63.30  64.60

