     NA       NA     1701     1526     1833     2311     2778     2951     2780     2661  -0.0217   0.0367   0.0463   0.0368   0.0121  -0.0207  -0.0149     .1746     .14032     .23932     .31742     .29406      .2407
     NA       NA      886     1010     1110      684      627      662      658       NA   0.0262   0.0189  -0.0968  -0.0174   0.0109       NA  -0.0015    .02796     .04226     .04716     .03736     .03804      .0291
     NA       NA     1118     1205     1138     1056     1111     1067      952       NA   0.0150  -0.0114  -0.0150   0.0102  -0.0081       NA  -0.0285     .0254     .02722     .03268      .0487      .0759     .04916
     NA       NA      536      576      867     1350     1879     2252     3202       NA   0.0144   0.0818   0.0886   0.0661   0.0362       NA   0.0880    .08674     .14676     .38744     .29002     .25994     .18432
     NA       NA      470      388      399      438      474      516      541      533  -0.0383   0.0056   0.0187   0.0158   0.0170   0.0065   0.0118    .04222     .06312     .11944      .1195      .0965     .15456
     NA       NA      589      365      324      423      464      510      518      522  -0.0957  -0.0238   0.0533   0.0185   0.0189   0.0047   0.0039    .02018     .02766     .03896     .06624       .095     .08046
     NA       NA      697      729      866      929     1278     1432     1296     1237   0.0090   0.0344   0.0140   0.0638   0.0228  -0.0293  -0.0249    .04552     .05774     .07492     .09338     .12166     .11384
     NA       NA      488      454      689      567      991     1205     1269       NA  -0.0144   0.0834  -0.0390   0.1117   0.0391       NA   0.0129     .2267     .16888     .19432     .24502      .2966      .3007
     NA       NA      658      622      695      668      662      596      559      554  -0.0113   0.0222  -0.0079  -0.0018  -0.0210  -0.0146  -0.0160    .10618     .11202     .09162      .0476     .05496      .0677
     NA       NA      664      634      543      529      424      383      381      365  -0.0092  -0.0310  -0.0052  -0.0443  -0.0203  -0.0096  -0.0013    .02846     .02656     .04238     .06404      .0223     .02172
     NA       NA      519      614      658      685      606      614       NA       NA   0.0336   0.0138   0.0080  -0.0245   0.0026       NA       NA     .0928     .11862     .15636      .1263     .19708   .1576667
     NA       NA     1063     1031     1581     1640     1829     2540     2215     2464  -0.0061   0.0855   0.0073   0.0218   0.0657  -0.0061  -0.0342    .15918     .14696      .1151      .1068      .1369      .0603
    702      677      769      976     1101     1213     1574     1859     1829     1838   0.0477   0.0241   0.0194   0.0521   0.0333  -0.0023  -0.0041    .04586     .03864     .03374      .0704     .07038     .05958
     NA      242      249      281      287      294      308      283       NA       NA   0.0242   0.0042   0.0048   0.0093  -0.0169       NA       NA    .06204     .06896       .056      .0485     .05036      .0441
     NA       NA     1786     2553     3679     5818     4797     4070     3614     3920   0.0715   0.0731   0.0917  -0.0386  -0.0329  -0.0075  -0.0297    .20212     .15204     .22536     .34914     .29274     .21476
     NA       NA      493      598      603      686      883      616      644      645   0.0386   0.0017   0.0258   0.0505  -0.0720   0.0092   0.0111    .02844     .02722     .02286     .08102     .10842     .11234
     NA      846      873      868     1017      879      922      759      815       NA  -0.0011   0.0317  -0.0292   0.0096  -0.0389       NA   0.0178     .1173       .095     .07418     .06884     .04458     .05638
     NA       NA      389      422      353      382      424      366      360       NA   0.0163  -0.0357   0.0158   0.0209  -0.0294       NA  -0.0041    .12134      .1366     .14492     .12586     .11366     .11196
     NA       NA      482      577      661      731      438      616      659      656   0.0360   0.0272   0.0201  -0.1024   0.0682   0.0126   0.0169    .24972     .19884       .224     .18308     .17768     .16246
     NA       NA      971     1197     1322     1594     1554     1499     1282     1179   0.0418   0.0199   0.0374  -0.0051  -0.0072  -0.0480  -0.0391      .087     .10182      .1181     .15516     .13378     .06748
    572      649      642      596      582      816      888      772      886      911  -0.0149  -0.0048   0.0676   0.0169  -0.0280   0.0331   0.0344     .1817     .18112     .22818     .16288     .15138     .13262
     NA       NA      288      379      387      708      914      912      956      972   0.0549   0.0042   0.1208   0.0511  -0.0004   0.0127   0.0118    .03862     .07044     .09092     .15222     .17912     .19224
     NA       NA      701      802      949      952      921      805       NA       NA   0.0269   0.0337   0.0006  -0.0066  -0.0269       NA       NA    .30118      .1356      .1029     .12692      .0693     .03815
     NA       NA     1163     1087     1125      987      960      745      673      673  -0.0135   0.0069  -0.0262  -0.0055  -0.0507  -0.0203  -0.0254    .01256     .01504      .0155      .0144     .01344     .01596
     NA      328      367      399      431      499      541      499      503      496   0.0167   0.0154   0.0293   0.0162  -0.0162  -0.0012   0.0020    .06588     .09774     .15744     .17074     .10886     .07504
     NA       NA      495      404      389      430      498      515      544      521  -0.0406  -0.0076   0.0200   0.0294   0.0067   0.0023   0.0137    .04578     .07538     .07228      .0666     .06188     .08796
     NA       NA      853      968      981      953      950      809      859      807   0.0253   0.0027  -0.0058  -0.0006  -0.0321  -0.0005   0.0150     .0747      .0438     .06806     .17724      .1852     .13496
   3214     3022     2818     3076     2338     3593     3895     4136     5362     5653   0.0175  -0.0549   0.0859   0.0161   0.0120   0.0625   0.0649    .13276     .09282     .12876     .13828      .0898      .1139
    793      811      791     1182     1303     1500     1867     1889     2042     2019   0.0803   0.0195   0.0282   0.0438   0.0023   0.0133   0.0195    .07276     .08758     .10678      .1536     .12426     .11096
     NA       NA     1128     1238     1461     1158      896      697      756      737   0.0186   0.0331  -0.0465  -0.0513  -0.0502   0.0112   0.0203    .01796     .02146     .02588     .01828     .01772     .01868
     NA       NA      503      606      749      602      694      533      467       NA   0.0373   0.0424  -0.0437   0.0284  -0.0528       NA  -0.0330     .0899      .0725     .08434     .10094     .07722     .05758
    448      548      557      630      770     1038     1199      860      741      775   0.0246   0.0401   0.0597   0.0288  -0.0665  -0.0208  -0.0372    .09122      .1136      .1601     .22398     .14814      .0875
     NA       NA      514      337      625      608      734      731      660      662  -0.0844   0.1235  -0.0055   0.0377  -0.0008  -0.0198  -0.0255    .02092      .0302     .03204     .04508       .051      .0794
     NA       NA     1017     1099     1107     1085     1087     1109     1082     1080   0.0155   0.0015  -0.0040   0.0004   0.0040  -0.0053  -0.0062     .0686     .05536     .07566      .0665     .04282      .0408
     NA       NA     1258     1339     1676     1825     2817     3038     3416       NA   0.0125   0.0449   0.0170   0.0868   0.0151       NA   0.0293    .06482     .08578      .2383     .23278     .19616     .16754
     NA       NA       NA      928     1050     1079     1002      852      910      833       NA   0.0247   0.0054  -0.0148  -0.0324  -0.0045   0.0165     .0197     .02948     .01872       .015     .01832     .01642
     NA       NA     1013      883      842      867      832      739      866       NA  -0.0275  -0.0095   0.0059  -0.0082  -0.0237       NA   0.0396    .07174     .09916      .0573       .092     .14628      .1305
   1856     2046     2107     2537     3160     3504     3514     3354     3316     3193   0.0371   0.0439   0.0207   0.0006  -0.0093  -0.0098  -0.0028    .18668      .2276     .22852     .21434     .23114     .16408
     NA       NA       NA       NA       NA     1020     1110     1027     1081      959       NA       NA       NA   0.0169  -0.0155  -0.0137   0.0128         NA         NA   .024925     .03562     .03454     .01934
     NA       NA     1207     1685     2390     2464     3004     2158     2183       NA   0.0667   0.0699   0.0061   0.0396  -0.0662       NA   0.0029     .2139     .18698     .19184     .23328      .1829     .13046
     NA       NA      312      371      431      517      483      452       NA       NA   0.0346   0.0300   0.0364  -0.0136  -0.0133       NA       NA    .10998     .15212     .18946     .17534     .15502     .13115
     NA       NA      360      492      620      608      724      609      627      623   0.0625   0.0462  -0.0039   0.0349  -0.0346   0.0045   0.0073    .12062      .1567     .18642     .31442     .18402     .15378
     NA       NA     1076     1215     1400     2002     2475     2704     2742     2858   0.0243   0.0283   0.0715   0.0424   0.0177   0.0111   0.0035    .13156     .20252      .1818     .17558      .1678      .1068
    622      695      678      731      763      698      511      465      901       NA   0.0151   0.0086  -0.0178  -0.0624  -0.0189       NA   0.1654     .1124     .14028     .10804     .07136     .05784     .05422
    314      439      460      515      643      601      449      422      403       NA   0.0226   0.0444  -0.0135  -0.0583  -0.0124       NA  -0.0115    .02314     .02996        .05     .05836     .07234     .06676
     NA      882      950     1085     1096     1223      930      774      722      700   0.0266   0.0020   0.0219  -0.0548  -0.0367  -0.0201  -0.0174    .33102     .34632     .39134      .2056      .1207     .10112
     NA      988     1010      953     1072     1313     1178     1178     1292     1287  -0.0116   0.0235   0.0406  -0.0217   0.0000   0.0177   0.0231    .26124     .22916       .226     .15602     .15576     .12018
     NA       NA       NA       NA       NA       NA    11251    12343       NA       NA       NA       NA       NA       NA   0.0185       NA       NA         NA         NA         NA  .0704333      .1151   .1209333
     NA       NA     2703     3357     4768     5390     6525     6230     7727       NA   0.0433   0.0702   0.0245   0.0382  -0.0093       NA   0.0538    .12592     .12586     .13322     .13866     .15002      .1204
   6385     7017     7288     8741    10169    12349    14236    15695    17688    17419   0.0364   0.0303   0.0388   0.0284   0.0195   0.0208   0.0299    .24296      .2606     .24782     .25628     .26358     .28534
   1395     1885     2013     2374     2793     3183     3692     3258     3571     3616   0.0330   0.0325   0.0261   0.0297  -0.0250   0.0209   0.0229    .14728      .1589     .17872     .20516     .16766      .1986
     NA       NA       NA       NA       NA       NA       NA     2440       NA       NA       NA       NA       NA       NA       NA       NA       NA         NA         NA         NA         NA         NA     .2261
    904     1037     1145     1217     1493     1954     2307     2076     2292     2031   0.0122   0.0409   0.0538   0.0332  -0.0211  -0.0044   0.0247    .10176     .11402     .17936     .21228     .17574     .20266
   1159     1334     1379     1680     1740     1959     1926     1727     1737     1737   0.0395   0.0070   0.0237  -0.0034  -0.0218   0.0012   0.0014     .0926     .08718     .09372     .11824     .07706     .08134
     NA       NA       NA       NA       NA       NA       NA     1847     2670     2763       NA       NA       NA       NA       NA   0.0806   0.0921         NA         NA         NA         NA     .1853     .21754
   1506     1462     1638     1762     2004     2218     2542     2056     2099     2078   0.0146   0.0257   0.0203   0.0273  -0.0424   0.0021   0.0052     .0888     .10324      .1066     .12824     .09728      .0809
     NA       NA      871      842      787      801      980      860      793       NA  -0.0068  -0.0135   0.0035   0.0403  -0.0261       NA  -0.0203    .02778     .02486      .0502     .08774     .09888     .07852
    938      946      999     1084     1206     1231     1491     1303     1351     1297   0.0163   0.0213   0.0041   0.0383  -0.0270  -0.0009   0.0090    .12206      .1562     .14404     .16222      .1316     .11546
     NA     1387     1794     2118     2688     2914     2274     2128     2411       NA   0.0332   0.0477   0.0161  -0.0496  -0.0133       NA   0.0312    .29748     .31966     .30498     .19436     .16034     .17362
   2155     2473     2798     3319     3951     4642     5708     5289     5163     5376   0.0342   0.0349   0.0322   0.0413  -0.0152   0.0033  -0.0060    .15744      .1776     .18736      .1985     .19468     .14988
   1061     1499     1482     2081     2184     2363     1741     1611       NA       NA   0.0679   0.0097   0.0158  -0.0611  -0.0155       NA       NA    .10918     .13674     .14178     .08872     .14992   .1531333
   1258     1307     1504     1924     2501     2793     3295     3371     2649     3021   0.0493   0.0525   0.0221   0.0331   0.0046  -0.0219  -0.0603     .1978     .23626      .3159     .25014      .2178     .12884
     NA       NA       NA       NA       NA       NA       NA     2213       NA       NA       NA       NA       NA       NA       NA       NA       NA         NA         NA         NA         NA         NA     .2623
     NA       NA       NA       NA       NA       NA       NA     2295       NA       NA       NA       NA       NA       NA       NA       NA       NA         NA         NA         NA         NA         NA     .2157
   3042     4020     5630     6404     6715     7922    11238     9642     8358     8537   0.0258   0.0095   0.0331   0.0699  -0.0306  -0.0243  -0.0357    .13952     .10642       .108     .16108     .17314     .13124
   8622     9630     9774    11529    12706    13461    15101    16559    18351    18399   0.0330   0.0194   0.0115   0.0230   0.0184   0.0211   0.0257    .23884     .25604     .24568      .2344     .22376     .24054
   3012     3150     3294     3713     4169     4477     4744     3887     3608     3505   0.0239   0.0232   0.0143   0.0116  -0.0398  -0.0207  -0.0186    .14386     .13936     .16164      .1666      .1267     .08348
   1224     1197     1103     1305     1612     1779     1906     1688     1598     1596   0.0336   0.0423   0.0197   0.0138  -0.0243  -0.0112  -0.0137    .20142     .23498      .2469     .26008     .11138     .05226
   1235     1481     1745     1832     2390     3463     4249     3951     4138     3912   0.0097   0.0532   0.0742   0.0409  -0.0145  -0.0020   0.0116    .19924     .20874     .23462     .25016     .19224     .17936
   2436     2637     2898     3265     3695     2898     3903     3238     4019     3988   0.0238   0.0247  -0.0486   0.0595  -0.0374   0.0417   0.0540     .1689     .16266     .14496     .12112     .13524     .14488
   1476     1708     1657     1781     2100     2438     2894     2893     3151     3188   0.0144   0.0330   0.0298   0.0343  -0.0001   0.0194   0.0214    .18168      .1727     .17548     .16538      .1862     .15848
   1161     1364     1431     1554     1760     2622     3176     2885     2804     2792   0.0165   0.0249   0.0797   0.0383  -0.0192  -0.0066  -0.0071    .23838     .22244     .26482     .28862     .24074     .19682
   1757     1540     1533     1525     1711     2156     1952     1230     1181     1185  -0.0010   0.0230   0.0462  -0.0199  -0.0924  -0.0075  -0.0102    .29258     .31404      .2371     .22948      .1826     .17552
   1284     1272     1208     1308     1434     1701     2517     2258     2237     2260   0.0159   0.0184   0.0341   0.0784  -0.0217   0.0002  -0.0023    .07234     .09726     .11268     .17066     .20082     .16186
   1437     1761     1936     2404     2642     2966     2890     2481     2177     2041   0.0433   0.0189   0.0231  -0.0052  -0.0305  -0.0390  -0.0327    .22324     .21144     .18996     .20092     .22776     .17138
     NA       NA     2099     2537     3023     2828     3969     3310     2379       NA   0.0379   0.0351  -0.0133   0.0678  -0.0363       NA  -0.0826    .24694     .20188     .20606     .26288     .17226     .07834
   3446     4190     3847     3526     3876     4068     4958     3730     4320     4281  -0.0174   0.0189   0.0097   0.0396  -0.0569   0.0276   0.0367    .17272     .14074     .15438      .2336     .22438     .13966
   4646     5796     6167     7331     7607     7324     7225     6037     5699     5764   0.0346   0.0074  -0.0076  -0.0027  -0.0359  -0.0093  -0.0144    .14916     .15402     .19068     .27696     .18688     .15944
     NA       NA       NA       NA       NA       NA       NA       NA       NA       NA       NA       NA       NA       NA       NA       NA       NA         NA         NA         NA         NA         NA         NA
     NA       NA       NA       NA       NA       NA       NA     9452       NA       NA       NA       NA       NA       NA       NA       NA       NA         NA         NA         NA         NA         NA     .2938
     NA       NA      803      985      922      977     1097     1116     1256     1206   0.0409  -0.0132   0.0116   0.0232   0.0034   0.0155   0.0295    .06038     .06512     .03114     .03342     .04146     .03496
    207      237      296      390      392      390      475      561      575       NA   0.0552   0.0010  -0.0010   0.0394   0.0333       NA   0.0062     .0964     .09904     .09264     .10484     .12592     .08504
     NA       NA       NA       NA      825      952     1240     1811     2289     2326       NA       NA   0.0286   0.0529   0.0758   0.0501   0.0586         NA     .0946     .14638     .16528     .16092     .21712
     NA       NA     2222     3493     4453     5566     8803    10653    14037    14412   0.0905   0.0486   0.0446   0.0917   0.0381   0.0604   0.0690    .25848     .21102     .20812      .2328      .2359     .19548
    513      583      665      645      703      716      763      899     1042     1068  -0.0061   0.0172   0.0037   0.0127   0.0328   0.0345   0.0369    .15058     .17114      .1729      .1856     .18022     .17714
     NA       NA      621      589      699      936     1253     1626     1798     1941  -0.0106   0.0342   0.0584   0.0583   0.0521   0.0354   0.0251    .07552      .0807      .1523      .1998     .26356     .28384
     NA     1788     2535     2944     4214     5044     3144     4017     3045       NA   0.0299   0.0717   0.0360  -0.0945   0.0490       NA  -0.0693     .1411     .17064     .15176     .23404     .28928     .22892
     NA     2729     3320     4265     4270     5295     6900     3946       NA       NA   0.0501   0.0002   0.0430   0.0530  -0.1118       NA       NA    .05946     .04994     .07096     .13624      .2443   .1909333
     NA     2709     3348     4468     5705     7069     7478     7900     8426     8639   0.0577   0.0489   0.0429   0.0112   0.0110   0.0179   0.0161    .35452     .28938     .34056      .2843     .22508     .19456
   1459     2069     2976     4534     7509     8568    10289    12004    14040    14827   0.0842   0.1009   0.0264   0.0366   0.0308   0.0422   0.0392    .31988       .362     .41958     .37746     .34986     .36748
     NA      646     1141     1574     1409     1504     2604     2720     2286     2298   0.0643  -0.0221   0.0130   0.1098   0.0087  -0.0337  -0.0435    .11512     .13432     .15962     .23276      .2552     .17306
     NA      860      883     1035     1680     2330     3122     4267     6206       NA   0.0318   0.0969   0.0654   0.0585   0.0625       NA   0.0937    .10952      .2011     .23942     .30274     .30196     .33146
     NA       NA       NA       NA       NA       NA       NA    11979     9535       NA       NA       NA       NA       NA       NA       NA  -0.0570         NA         NA         NA         NA         NA    .18058
     NA     1243     1381     1633     2116     2617     3778     4073     4466     4896   0.0335   0.0518   0.0425   0.0734   0.0150   0.0368   0.0230     .1759     .18504     .24494     .26028     .32852      .2789
     NA       NA      604      623      644      646      829      870       NA       NA   0.0062   0.0066   0.0006   0.0499   0.0097       NA       NA    .03438     .03884     .05534     .06938       .098      .0999
     NA       NA       NA       NA       NA       NA       NA     9049     7237       NA       NA       NA       NA       NA       NA       NA  -0.0559         NA         NA         NA         NA         NA    .24462
    575      557      622      863      997      894     1077     1221     1341     1360   0.0655   0.0289  -0.0218   0.0372   0.0251   0.0216   0.0234     .1669     .12122     .10772     .10614      .1109     .11182
    761      977     1112     1228     1369     1622     1871     1521     1726     1750   0.0198   0.0217   0.0339   0.0286  -0.0414   0.0280   0.0316      .122      .1417     .14422      .1972     .21064     .14678
     NA       NA       NA       NA       NA       NA       NA     8691     7246       NA       NA       NA       NA       NA       NA       NA  -0.0455         NA         NA         NA         NA         NA    .29884
     NA       NA     1653     1895     3156     5014     6965     8153    10236    10956   0.0273   0.1020   0.0926   0.0657   0.0315   0.0591   0.0569    .17248     .26274     .41654      .3549     .42196       .351
   1062     1157     1267     1209     1307     1347     1851     2152     2219       NA  -0.0094   0.0156   0.0060   0.0636   0.0301       NA   0.0077     .1029     .11322     .13364     .18642     .24762     .20104
     NA       NA     1530     1945     2205     3548     4295     4075     3701     3991   0.0480   0.0251   0.0951   0.0382  -0.0105  -0.0042  -0.0241    .16072       .154     .12946     .18742     .19462     .14368
     NA     1175     1359     1771     2376     3272     4830     5786     8207     8513   0.0530   0.0588   0.0640   0.0779   0.0361   0.0772   0.0874    .15764      .2079     .27724     .29834     .28862      .2502
    836      689      923     1120     1512     1666     2149     2422     3228     3526   0.0387   0.0600   0.0194   0.0509   0.0239   0.0751   0.0718    .14506     .20464      .1961     .19764     .19326     .19472
     NA       NA       NA       NA       NA       NA       NA    19627    16926       NA       NA       NA       NA       NA       NA       NA  -0.0370         NA         NA         NA         NA         NA    .24626
     NA       NA       NA       NA      588      934     1033     1267     1612       NA       NA       NA   0.0925   0.0201   0.0408       NA   0.0602         NA     .0011     .08036     .15598     .13906     .06866
   2953     3899     5152     6154     7569     8982    10582    11172    12373    12849   0.0355   0.0414   0.0342   0.0328   0.0109   0.0280   0.0255    .26338     .28238     .31104      .2907     .26642     .27232
   4447     5055     5554     6856     8459     9789    11348    11324    13089    13588   0.0421   0.0420   0.0292   0.0296  -0.0004   0.0365   0.0362    .26864     .28798     .28246     .26442     .21876     .22094
   1559     1982     2039     2735     3777     3169     5292     6442     7824     8093   0.0587   0.0646  -0.0351   0.1026   0.0393   0.0456   0.0486     .3247     .33714     .32064     .27284     .30116     .26164
   5217     5388     6748     8462     9698    10191    11229    12884    13578    13802   0.0453   0.0273   0.0099   0.0194   0.0275   0.0138   0.0131    .29344      .3189     .33284     .29016     .22218     .25354
   3533     4587     5384     6627     8272     9797    10986    12128    14360    14216   0.0415   0.0443   0.0338   0.0229   0.0198   0.0318   0.0422    .39768       .393     .41544     .36524     .35472      .3434
   4151     4882     5981     7519     9625    10469    11794    12186    13661    13931   0.0458   0.0494   0.0168   0.0238   0.0065   0.0268   0.0286    .27806     .30862      .3287     .29802     .27236     .27534
   3467     5204     6660     8031     9586    10122    12013    12543    13931    14487   0.0374   0.0354   0.0109   0.0343   0.0086   0.0288   0.0262    .33738      .3292     .32564     .28508     .27018     .26818
   1392     1654     2066     3064     4236     5194     5890     6184     6621     6678   0.0788   0.0648   0.0408   0.0252   0.0097   0.0154   0.0171    .26566     .30082     .34258      .2934     .24002     .19774
     NA       NA       NA       NA     3373     4533     5051     5309     5623     5384       NA       NA   0.0591   0.0216   0.0100   0.0028   0.0144         NA         NA     .2685     .32844      .2877     .26706
   3922     4927     5191     6557     7064     9177    11910    12085    13101    12960   0.0467   0.0149   0.0523   0.0521   0.0029   0.0140   0.0202    .30032     .34222     .34284     .31904     .29338     .26566
   2587     2948     3147     3856     4883     5751     6790     7215     8397     9067   0.0406   0.0472   0.0327   0.0332   0.0121   0.0457   0.0379    .23228     .28242     .32278     .30188     .29922      .2337
   2770     3647     4660     5758     7675     8351    10442    10895    12365    12555   0.0423   0.0575   0.0169   0.0447   0.0085   0.0284   0.0316    .37278     .32628     .32452      .2786     .26728     .26376
   6850     7200     8269     8852    10024    10856    12031    13287    16073    16399   0.0136   0.0249   0.0159   0.0206   0.0199   0.0421   0.0476    .43864     .31832     .35212       .276     .27886     .28772
     NA     1102     1344     1457     2383     3049     4390     5213     6483       NA   0.0161   0.0984   0.0493   0.0729   0.0344       NA   0.0545    .26888     .33432     .26318     .20784     .26268     .24136
   4531     5333     6104     7411     9241    10284    11318    11570    12427    12858   0.0388   0.0441   0.0214   0.0192   0.0044   0.0211   0.0179    .29368     .31628     .30778     .25834      .2184     .22002
   4379     5119     5656     7045     8144     9948    12256    14227    14658    14909   0.0439   0.0290   0.0400   0.0417   0.0298   0.0094   0.0075    .33696     .34944     .37418     .37066     .31594     .29918
     NA       NA       NA       NA     2981     4678     4466     4204     4580     3846       NA       NA   0.0901  -0.0093  -0.0121  -0.0178   0.0214         NA         NA      .433     .44954      .2755     .27236
   1202     1523     1864     2417     3341     4370     5048     5026     6276     6520   0.0520   0.0647   0.0537   0.0288  -0.0009   0.0520   0.0555    .24082     .26058     .29798     .23984     .26488     .19928
   1923     2646     3165     4685     6025     7400     7496     7547     9304     9662   0.0784   0.0503   0.0411   0.0026   0.0014   0.0494   0.0523    .25176      .3084     .31324     .28922     .24568     .26854
   5683     6530     7505     9325    10688    11860    12286    13313    14526    14490   0.0434   0.0273   0.0208   0.0071   0.0161   0.0169   0.0218    .27784     .28718     .27972     .25432     .21898     .24266
   6868     8257     9637    11429    13299    13229    14651    15209    16799    17007   0.0341   0.0303  -0.0011   0.0204   0.0075   0.0223   0.0249    .33524     .31788     .33744      .2707     .30964     .35384
   1041     1418     1594     1782     2180     2838     2851     3059     3371     3711   0.0223   0.0403   0.0528   0.0009   0.0141   0.0386   0.0243    .19176     .21266     .23662      .2713      .2494     .24266
   5104     5918     6509     7357     7703     8999    10025    11137    13043    13066   0.0245   0.0092   0.0311   0.0216   0.0210   0.0319   0.0395     .2008     .22596     .22602     .20504     .17588     .20356
     NA       NA     1953     2445     3338     4403     5641     5250     5091     4556   0.0449   0.0623   0.0554   0.0496  -0.0144  -0.0284  -0.0077    .33368      .3093     .31954     .33284     .33748     .34572
   6739     7303     7880     8968    10947    11620    12624    13662    14901    14311   0.0259   0.0399   0.0119   0.0166   0.0158   0.0093   0.0217     .3173     .33644     .31798     .29546     .29696      .2974
     NA       NA     2053     2101     2514     3174     3561     3129     3537     3728   0.0046   0.0359   0.0466   0.0230  -0.0259   0.0350   0.0306     .2056     .21844     .21106     .20134     .20958      .1318
   6686     6882     7935     9059     9352    10491    10266    11324    11803    11534   0.0265   0.0064   0.0230  -0.0043   0.0196   0.0037   0.0104    .26664     .27796     .29516      .2449     .25522       .273
     NA       NA     1099     1535     1744     1728     1658     1519     1446     1369   0.0668   0.0255  -0.0018  -0.0083  -0.0175  -0.0208  -0.0123    .12254     .20344     .25258     .15304     .19038     .14828
     NA       NA       NA       NA       NA       NA     1525     1517       NA       NA       NA       NA       NA       NA  -0.0011       NA       NA         NA         NA         NA         NA     .1717    .160925
     NA       NA       NA       NA       NA       NA       NA     1837       NA       NA       NA       NA       NA       NA       NA       NA       NA         NA         NA         NA         NA         NA     .2234
     NA       NA       NA       NA       NA       NA       NA     1694     1516       NA       NA       NA       NA       NA       NA       NA  -0.0278         NA         NA         NA         NA      .169     .20722
     NA       NA       NA       NA       NA       NA     1762     1641     1728     1676       NA       NA       NA       NA  -0.0142   0.0042   0.0129         NA         NA         NA     .3752     .25154     .19626

