    NA         NA    1302.000   1244.000   1551.000   1573.000   1998.000   2142.000  -0.009114   0.044114   0.002817   0.002817   0.013919   0.174440   0.137140   0.245600   0.352980   0.291920
    NA         NA    880.0000   1008.000   1146.000   729.0000   694.0000   609.0000   0.027160   0.025662  -0.090472  -0.090472  -0.026131   0.044900   0.066000   0.072520   0.054380   0.055700
    NA         NA    595.0000   633.0000   571.0000   589.0000   534.0000   525.0000   0.012382  -0.020616   0.006207   0.006207  -0.003400   0.099620   0.108020   0.124220   0.119400   0.101820
    NA         NA    493.0000   530.0000   881.0000   1107.000   1477.000   1762.000   0.014474   0.101636   0.045670   0.045670   0.035287   0.098000   0.169780   0.451000   0.357740   0.350760
    NA         NA       NA      287.0000   305.0000   329.0000   358.0000   377.0000      NA      0.012166   0.015149   0.015149   0.010342      NA      0.084420   0.157280   0.160480   0.112940
    NA         NA    412.0000   263.0000   315.0000   294.0000   333.0000   345.0000  -0.089774   0.036084  -0.013799  -0.013799   0.007080   0.023440   0.031320   0.041100   0.072120   0.085580
    NA         NA    507.0000   556.0000   703.0000   756.0000   875.0000   1095.000   0.018451   0.046918   0.014537   0.014537   0.044857   0.090220   0.115200   0.118120   0.134500   0.177660
    NA         NA       NA         NA         NA         NA         NA         NA         NA         NA         NA         NA         NA         NA         NA         NA         NA         NA
    NA         NA    485.0000   463.0000   511.0000   491.0000   487.0000   434.0000  -0.009284   0.019729  -0.007985  -0.007985  -0.023044   0.110220   0.115340   0.095620   0.103740   0.097220
    NA         NA    515.0000   496.0000   466.0000   461.0000   353.0000   254.0000  -0.007518  -0.012478  -0.002158  -0.002158  -0.065827   0.057700   0.052500   0.077440   0.118140   0.050080
    NA         NA       NA         NA         NA         NA         NA         NA         NA         NA         NA         NA         NA         NA         NA         NA         NA         NA
    NA         NA    563.0000   841.0000   992.0000   859.0000   981.0000   1338.000   0.080262   0.033026  -0.028791  -0.028791   0.062072   0.362840   0.276220   0.265160   0.233980   0.321440
 469.0000   466.0000 496.0000   644.0000   671.0000   780.0000   995.0000   1188.000   0.052225   0.008214   0.030105   0.030105   0.035457   0.170160   0.151380   0.127000   0.189080   0.185800
 265.0000   311.0000 285.0000   320.0000   341.0000   329.0000   325.0000   310.0000   0.023166   0.012712  -0.007165  -0.007165  -0.009451   0.055780   0.062280   0.050480   0.036540   0.064960
    NA         NA    804.0000   1286.000   2082.000   3099.000   2973.000   3103.000   0.093939   0.096358   0.079550   0.079550   0.008560   0.192980   0.132480   0.202580   0.370020   0.213480
    NA         NA    433.0000   510.0000   566.0000   560.0000   556.0000   526.0000   0.032735   0.020837  -0.002131  -0.002131  -0.011093   0.138200   0.139080   0.119800   0.234420   0.268760
    NA      470.0000 534.0000   527.0000   568.0000   495.0000   421.0000   349.0000  -0.002639   0.014984  -0.027513  -0.027513  -0.037512   0.116940   0.098800   0.079180   0.076880   0.084240
    NA         NA    411.0000   450.0000   386.0000   409.0000   449.0000   452.0000   0.018131  -0.030682   0.011576   0.011576   0.001332   0.103380   0.115880   0.120820   0.107000   0.102160
    NA         NA       NA         NA         NA         NA         NA         NA         NA         NA         NA         NA         NA         NA         NA         NA         NA         NA
    NA         NA    743.0000   889.0000   1028.000   1050.000   1110.000   920.0000   0.035880   0.029055   0.004235   0.004235  -0.037548   0.093440   0.109500   0.125440   0.179380   0.128260
 422.0000   491.0000 470.0000   453.0000   552.0000   603.0000   662.0000   598.0000  -0.007368   0.039531   0.017674   0.017674  -0.020335   0.173400   0.169960   0.214160   0.165740   0.158960
    NA         NA    245.0000   310.0000   360.0000   540.0000   694.0000   771.0000   0.047063   0.029906   0.081093   0.081093   0.021043   0.042900   0.080740   0.113020   0.200360   0.185580
    NA         NA    449.0000   557.0000   708.0000   681.0000   680.0000   491.0000   0.043108   0.047976  -0.007776  -0.007776  -0.065130   0.453000   0.176140   0.128000   0.215680   0.132720
    NA         NA    659.0000   614.0000   673.0000   593.0000   589.0000   497.0000  -0.014146   0.018350  -0.025310  -0.025310  -0.033967   0.064400   0.075420   0.074320   0.073460   0.070280
    NA      226.0000 237.0000   261.0000   301.0000   409.0000   417.0000   387.0000   0.019292   0.028518   0.061321   0.061321  -0.014932   0.090940   0.139460   0.174140   0.157120   0.105360
    NA         NA    396.0000   327.0000   317.0000   323.0000   356.0000   355.0000  -0.038291  -0.006212   0.003750   0.003750  -0.000563   0.055240   0.091140   0.086080   0.082840   0.058080
    NA         NA    1012.000   1153.000   1025.000   1367.000   1484.000   1869.000   0.026088  -0.023535   0.057585   0.057585   0.046132   0.189820   0.131580   0.154640   0.229360   0.151600
 1265.000   1144.000 542.0000   826.0000   876.0000   963.0000   1199.000   1221.000   0.084266   0.011754   0.018937   0.018937   0.003636   0.050100   0.060580   0.076860   0.132360   0.097340
 548.0000   558.0000 414.0000   527.0000   570.0000   600.0000   576.0000   550.0000   0.048267   0.015687   0.010259   0.010259  -0.009238   0.355960   0.187220   0.284940   0.316940   0.162660
    NA         NA    798.0000   864.0000   1020.000   789.0000   637.0000   528.0000   0.015893   0.033197  -0.051358  -0.051358  -0.037535   0.054580   0.065920   0.078760   0.055300   0.055380
    NA         NA    284.0000   340.0000   401.0000   361.0000   441.0000   429.0000   0.035994   0.033003  -0.021017  -0.021017  -0.005518   0.075180   0.060480   0.070880   0.158760   0.151320
 503.0000   598.0000 552.0000   569.0000   630.0000   705.0000   824.0000   581.0000   0.006066   0.020368   0.022496   0.022496  -0.069884   0.048040   0.066060   0.115160   0.196220   0.173640
    NA         NA    244.0000   152.0000   268.0000   350.0000   379.0000   341.0000  -0.094658   0.113421   0.053389   0.053389  -0.021131   0.049700   0.070660   0.065600   0.090020   0.110120
    NA         NA    756.0000   800.0000   760.0000   758.0000   744.0000   754.0000   0.011314  -0.010259  -0.000527  -0.000527   0.002670   0.096060   0.081980   0.120020   0.105580   0.082500
    NA         NA       NA         NA         NA         NA         NA         NA         NA         NA         NA         NA         NA         NA         NA         NA         NA         NA
    NA         NA    281.0000   411.0000   459.0000   495.0000   512.0000   443.0000   0.076048   0.022091   0.015102   0.015102  -0.028951   0.090700   0.134960   0.110680   0.097720   0.119260
    NA         NA    483.0000   396.0000   374.0000   409.0000   415.0000   348.0000  -0.039720  -0.011432   0.017892   0.017892  -0.035215   0.077460   0.106540   0.127120   0.180080   0.184240
 2400.000   2630.000 2627.000   3142.000   3609.000   4095.000   4286.000   3885.000   0.035803   0.027714   0.025267   0.025267  -0.019646   0.181020   0.222600   0.243700   0.219680   0.227140
    NA      608.0000 667.0000   729.0000   683.0000   645.0000   652.0000   540.0000   0.017777  -0.013036  -0.011449  -0.011449  -0.037695   0.118980   0.117940   0.125040   0.153080   0.147020
    NA         NA    441.0000   631.0000   743.0000   1041.000   1079.000   1187.000   0.071652   0.032678   0.067448   0.067448   0.019079   0.184620   0.146340   0.153860   0.192560   0.205800
    NA         NA    208.0000   256.0000   283.0000   318.0000   353.0000   355.0000   0.041528   0.020054   0.023321   0.023321   0.001130   0.127800   0.172340   0.225620   0.191420   0.184580
    NA         NA    415.0000   550.0000   644.0000   663.0000   625.0000   489.0000   0.056328   0.031556   0.005815   0.005815  -0.049078   0.087580   0.113300   0.138740   0.276020   0.161960
    NA         NA    852.0000   925.0000   1076.000   1513.000   1845.000   2050.000   0.016441   0.030242   0.068169   0.068169   0.021072   0.120480   0.135980   0.117080   0.153340   0.168360
 314.0000   329.0000 322.0000   333.0000   352.0000   347.0000   257.0000   347.0000   0.006718   0.011098  -0.002861  -0.002861   0.060050   0.041400   0.052920   0.039340   0.024760   0.048040
 243.0000   318.0000 314.0000   305.0000   358.0000   354.0000   224.0000   210.0000  -0.005816   0.032044  -0.002247  -0.002247  -0.012908   0.025300   0.035580   0.060240   0.076140   0.125840
    NA      745.0000 740.0000   854.0000   789.0000   883.0000   716.0000   584.0000   0.028656  -0.015833   0.022512   0.022512  -0.040756   0.360860   0.432340   0.475500   0.230720   0.131540
    NA      707.0000 615.0000   680.0000   810.0000   1000.000   930.0000   948.0000   0.020094   0.034988   0.042144   0.042144   0.003834   0.257900   0.220440   0.240580   0.190320   0.154900
    NA         NA       NA         NA         NA         NA         NA         NA         NA         NA         NA         NA         NA         NA         NA         NA         NA         NA
    NA         NA    1747.000   2178.000   3147.000   3532.000   4454.000   5212.000   0.044101   0.073609   0.023083   0.023083   0.031432   0.187560   0.185240   0.194300   0.198380   0.217780
 5384.000   5820.000 6069.000   7296.000   8495.000   10147.00   11332.00   12196.00   0.036826   0.030430   0.035540   0.035540   0.014695   0.230980   0.248020   0.235580   0.235380   0.221600
 1277.000   1563.000 1663.000   1930.000   2300.000   2646.000   3031.000   2650.000   0.029779   0.035078   0.028028   0.028028  -0.026867   0.129280   0.140040   0.157000   0.179300   0.129220
    NA         NA       NA         NA         NA         NA         NA         NA         NA         NA         NA         NA         NA         NA         NA         NA         NA         NA
 725.0000   845.0000 956.0000   992.0000   1232.000   1640.000   1868.000   1753.000   0.007393   0.043334   0.057211   0.057211  -0.012708   0.108000   0.123040   0.192900   0.219640   0.201240
 881.0000   1009.000 1062.000   1290.000   1358.000   1482.000   1410.000   1198.000   0.038898   0.010274   0.017476   0.017476  -0.032587   0.079320   0.074980   0.080240   0.102140   0.068380
    NA         NA       NA         NA         NA         NA         NA         NA         NA         NA         NA         NA         NA         NA         NA         NA         NA         NA
 1156.000   1120.000 1268.000   1365.000   1544.000   1717.000   1952.000   1608.000   0.014743   0.024644   0.021240   0.021240  -0.038773   0.076080   0.088280   0.090960   0.111120   0.079920
    NA         NA    605.0000   581.0000   550.0000   568.0000   696.0000   631.0000  -0.008096  -0.010966   0.006441   0.006441  -0.019609   0.035420   0.031660   0.062340   0.107380   0.110020
 731.0000   715.0000 748.0000   824.0000   927.0000   895.0000   1075.000   911.0000   0.019354   0.023557  -0.007026  -0.007026  -0.033107   0.118660   0.148760   0.141300   0.155440   0.130580
    NA      1150.000 1472.000   1807.000   2422.000   2293.000   1858.000   1725.000   0.041009   0.058585  -0.010947  -0.010947  -0.014855   0.242320   0.259780   0.241920   0.169280   0.136160
 1691.000   1953.000 2157.000   2575.000   3063.000   3586.000   4333.000   3985.000   0.035426   0.034709   0.031529   0.031529  -0.016745   0.170440   0.192160   0.201840   0.212980   0.205300
 1101.000   1556.000 1588.000   2217.000   2292.000   2461.000   2012.000   1989.000   0.066736   0.006654   0.014229   0.014229  -0.002299   0.130060   0.163360   0.167640   0.102600   0.141240
 1126.000   1181.000 1255.000   1604.000   2093.000   2417.000   2810.000   2912.000   0.049073   0.053220   0.028786   0.028786   0.007131   0.217280   0.258600   0.343740   0.270640   0.240800
    NA         NA       NA         NA         NA         NA         NA         NA         NA         NA         NA         NA         NA         NA         NA         NA         NA         NA
    NA         NA       NA         NA         NA         NA         NA         NA         NA         NA         NA         NA         NA         NA         NA         NA         NA         NA
 1916.000   2335.000 4904.000   5791.000   6957.000   5591.000   7161.000   6884.000   0.033251   0.036689  -0.043718  -0.043718  -0.007890   0.177560   0.123640   0.133240   0.252340   0.324100
 6458.000   7179.000 7380.000   8634.000   9459.000   10197.00   11404.00   12532.00   0.031387   0.018252   0.015025   0.015025   0.018864   0.201560   0.217700   0.217360   0.210560   0.205200
    NA         NA    3091.000   3470.000   4002.000   4214.000   4342.000   3486.000   0.023132   0.028528   0.010324   0.010324  -0.043916   0.253740   0.244880   0.278300   0.286440   0.226780
 1059.000   1004.000 882.0000   1022.000   1237.000   1485.000   1529.000   1089.000   0.029465   0.038186   0.036545   0.036545  -0.067871   0.127020   0.149700   0.158080   0.167440   0.075640
    NA      795.0000 991.0000   1391.000   1782.000   2589.000   3356.000   3282.000   0.067813   0.049543   0.074707   0.074707  -0.004459   0.237800   0.232940   0.258820   0.260860   0.187740
    NA         NA    2932.000   3347.000   3687.000   2976.000   4271.000   3486.000   0.026476   0.019350  -0.042847  -0.042847  -0.040619   0.345900   0.335540   0.302720   0.248740   0.270020
 1144.000   1317.000 1344.000   1439.000   1711.000   2113.000   2552.000   2599.000   0.013660   0.034626   0.042206   0.042206   0.003650   0.192120   0.182960   0.184720   0.167260   0.178640
 929.0000   1114.000 1143.000   1238.000   1403.000   2154.000   2607.000   2387.000   0.015968   0.025023   0.085743   0.085743  -0.017633   0.233020   0.218060   0.255100   0.281240   0.238960
 1543.000   1385.000 1386.000   1346.000   1546.000   1802.000   1623.000   1259.000  -0.005857   0.027707   0.030645   0.030645  -0.050792   0.376980   0.404060   0.317920   0.305280   0.237660
 1069.000   1067.000 991.0000   1072.000   1189.000   1388.000   1979.000   1996.000   0.015713   0.020717   0.030950   0.030950   0.001711   0.066380   0.089540   0.097760   0.153640   0.175240
 1166.000   1402.000 1721.000   2100.000   2285.000   2515.000   2456.000   2114.000   0.039806   0.016886   0.019181   0.019181  -0.029990   0.136660   0.131860   0.121820   0.115940   0.107980
    NA         NA    1558.000   1858.000   2365.000   2852.000   3760.000   3522.000   0.035220   0.048255   0.037448   0.037448  -0.013078   0.259400   0.201480   0.165620   0.206260   0.154440
 2771.000   3459.000 3271.000   3155.000   3453.000   3657.000   4502.000   3462.000  -0.007221   0.018051   0.011480   0.011480  -0.052535   0.106400   0.083720   0.080360   0.152140   0.172960
 2722.000   3434.000 5308.000   6509.000   6608.000   4908.000   4424.000   3548.000   0.040794   0.003019  -0.059483  -0.059483  -0.044132   0.068160   0.070420   0.094580   0.174620   0.162280
    NA         NA    671.0000   669.0000   664.0000   688.0000   596.0000      NA     -0.000597  -0.001500   0.007101   0.007101      NA      0.070440   0.060020   0.055020   0.083580   0.089050
    NA         NA       NA         NA         NA      8402.000   9185.000   8192.000      NA         NA         NA         NA     -0.022883      NA         NA      0.209400   0.277200   0.349760
    NA         NA    444.0000   470.0000   458.0000   501.0000   540.0000   647.0000   0.011382  -0.005173   0.017947   0.017947   0.036155   0.073800   0.101240   0.049860   0.052680   0.064100
 211.0000   237.0000 306.0000   399.0000   398.0000   397.0000   483.0000   557.0000   0.053075  -0.000502  -0.000503  -0.000503   0.028510   0.104120   0.108200   0.099880   0.110920   0.147920
    NA         NA       NA         NA         NA         NA         NA         NA         NA         NA         NA         NA         NA         NA         NA         NA         NA         NA
    NA         NA    1737.000   2704.000   3555.000   4512.000   7268.000   9093.000   0.088515   0.054725   0.047677   0.047677   0.044805   0.222120   0.178100   0.172980   0.209560   0.218420
 431.0000   486.0000 533.0000   538.0000   576.0000   592.0000   614.0000   750.0000   0.001867   0.013650   0.005480   0.005480   0.040016   0.140320   0.163840   0.174140   0.180180   0.183180
    NA         NA    493.0000   463.0000   490.0000   706.0000   931.0000   1209.000  -0.012556   0.011336   0.073042   0.073042   0.052258   0.027133   0.070720   0.115660   0.167640   0.200580
    NA      1433.000 1839.000   2216.000   2816.000   4555.000   2944.000   3922.000   0.037296   0.047923   0.096182   0.096182   0.057367   0.160820   0.189020   0.162100   0.181240   0.227240
    NA      1685.000 2527.000   3173.000   3317.000   3909.000   4408.000   2813.000   0.045529   0.008877   0.032844   0.032844  -0.089834   0.085620   0.072120   0.102520   0.214100   0.320580
 1892.000   2353.000 2838.000   3771.000   4861.000   6120.000   6145.000   6270.000   0.056848   0.050781   0.046064   0.046064   0.004028   0.344360   0.277280   0.328300   0.272480   0.225680
 1111.000   1598.000 2239.000   3391.000   5496.000   6518.000   8117.000   9447.000   0.083019   0.096579   0.034109   0.034109   0.030347   0.302740   0.344760   0.407860   0.375900   0.368200
    NA      646.0000 1124.000   1577.000   1421.000   1410.000   1885.000   2113.000   0.067726  -0.020833  -0.001554  -0.001554   0.022836   0.096000   0.112200   0.139740   0.244780   0.285140
    NA      684.0000 690.0000   797.0000   1189.000   1829.000   2369.000   3056.000   0.028833   0.080003   0.086131   0.086131   0.050928   0.095580   0.180000   0.235820   0.296300   0.294000
    NA         NA    48987.00   40728.00   34024.00   22865.00   19454.00   14868.00  -0.036928  -0.035970  -0.079492  -0.079492  -0.053768   0.037240   0.052760   0.044040   0.137060   0.191100
    NA      1085.000 1103.000   1309.000   1525.000   2239.000   3112.000   3415.000   0.034246   0.030546   0.076807   0.076807   0.018582   0.168280   0.174820   0.235780   0.256740   0.314840
    NA         NA    478.0000   507.0000   506.0000   494.0000   490.0000   526.0000   0.011780  -0.000395  -0.004800  -0.004800   0.014179   0.029100   0.033340   0.050960   0.077740   0.097560
    NA         NA       NA         NA      7308.000   9310.000   6209.000   7792.000      NA         NA      0.048424   0.048424   0.045420      NA      0.085267   0.076860   0.164880   0.247860
 533.0000   503.0000 558.0000   772.0000   797.0000   836.0000   989.0000   1153.000   0.064925   0.006374   0.009555   0.009555   0.030686   0.164420   0.120180   0.108320   0.110680   0.109160
 622.0000   805.0000 874.0000   972.0000   1094.000   1321.000   1551.000   1361.000   0.021255   0.023648   0.037710   0.037710  -0.026136   0.129140   0.149980   0.146720   0.180240   0.155740
    NA         NA    3635.000   5651.000   7405.000   10791.00   11101.00   5971.000   0.088245   0.054065   0.075311   0.075311  -0.124024   0.030620   0.037320   0.030780   0.176120   0.302380
    NA         NA    1528.000   1753.000   2869.000   4130.000   5817.000   9834.000   0.027474   0.098527   0.072863   0.072863   0.105012   0.170380   0.257380   0.417540   0.370440   0.402660
 905.0000   978.0000 974.0000   971.0000   1018.000   953.0000   1199.000   1539.000  -0.000617   0.009454  -0.013196  -0.013196   0.049929   0.122680   0.134020   0.159460   0.204080   0.129420
    NA         NA    1234.000   1552.000   1581.000   2683.000   3071.000   2900.000   0.045857   0.003703   0.105776   0.105776  -0.011459   0.132980   0.132340   0.143300   0.211780   0.173500
 369.0000   488.0000 866.0000   1133.000   1514.000   2033.000   2921.000   3581.000   0.053748   0.057977   0.058951   0.058951   0.040743   0.130640   0.175860   0.240820   0.258420   0.238600
 682.0000   546.0000 688.0000   833.0000   1063.000   1307.000   1694.000   1900.000   0.038249   0.048763   0.041328   0.041328   0.022952   0.139440   0.197980   0.191240   0.198600   0.178740
    NA         NA       NA         NA      23937.00   19432.00   25646.00   12404.00      NA         NA     -0.041701  -0.041701  -0.145274      NA         NA      0.179000   0.330100   0.272840
    NA         NA       NA         NA      527.0000   760.0000   957.0000   978.0000      NA         NA      0.073224   0.073224   0.004341      NA      0.068800   0.115880   0.218560   0.209000
 2290.000   3071.000 3908.000   4680.000   5843.000   7042.000   8230.000   8929.000   0.036054   0.044389   0.037330   0.037330   0.016304   0.211240   0.232660   0.254340   0.246260   0.227980
 3557.000   4081.000 4379.000   5445.000   6750.000   7917.000   9228.000   9717.000   0.043575   0.042969   0.031894   0.031894   0.010327   0.239060   0.255940   0.251900   0.239440   0.196560
 1029.000   1532.000 1692.000   2294.000   3028.000   2492.000   4282.000   5310.000   0.060877   0.055521  -0.038963  -0.038963   0.043034   0.325780   0.341120   0.318960   0.286700   0.300800
 4380.000   4530.000 5490.000   6821.000   7776.000   8374.000   9598.000   10884.00   0.043416   0.026207   0.014818   0.014818   0.025148   0.271460   0.297220   0.310060   0.265040   0.193760
 2676.000   3468.000 4073.000   4932.000   6186.000   7203.000   8393.000   9232.000   0.038273   0.045309   0.030442   0.030442   0.019056   0.388980   0.384160   0.409000   0.350740   0.324960
 3167.000   3742.000 4473.000   5536.000   7078.000   8358.000   9688.000   9918.000   0.042643   0.049144   0.033246   0.033246   0.004693   0.245600   0.273940   0.294240   0.257740   0.246100
 2647.000   3998.000 5217.000   6209.000   7443.000   8067.000   9795.000   10708.00   0.034815   0.036255   0.016102   0.016102   0.017824   0.318500   0.309860   0.302120   0.256580   0.251400
 1049.000   1295.000 1474.000   2134.000   2952.000   3770.000   4383.000   4464.000   0.074004   0.064897   0.048918   0.048918   0.003662   0.270820   0.309860   0.352720   0.297480   0.249320
    NA         NA       NA         NA         NA         NA         NA         NA         NA         NA         NA         NA         NA         NA         NA         NA         NA         NA
 3656.000   4358.000 4644.000   5790.000   6157.000   7689.000   9285.000   9037.000   0.044111   0.012291   0.044440   0.044440  -0.005415   0.262300   0.306540   0.309980   0.296600   0.283300
 2102.000   2376.000 2545.000   2977.000   3628.000   4157.000   4929.000   5205.000   0.031357   0.039553   0.027222   0.027222   0.010897   0.193780   0.241860   0.286340   0.289600   0.287460
 1850.000   2438.000 3233.000   3952.000   5028.000   5685.000   7164.000   7425.000   0.040162   0.048160   0.024562   0.024562   0.007157   0.290360   0.255260   0.268520   0.222220   0.217980
 5223.000   5112.000 6112.000   6755.000   7857.000   8949.000   10173.00   10540.00   0.020006   0.030224   0.026027   0.026027   0.007088   0.326640   0.247560   0.284120   0.234580   0.261540
    NA      1098.000 1282.000   1355.000   2068.000   3099.000   4630.000   5319.000   0.011076   0.084556   0.080900   0.080900   0.027746   0.330680   0.410000   0.323020   0.230260   0.265840
 3354.000   3980.000 4690.000   5581.000   6915.000   8031.000   9036.000   9092.000   0.034787   0.042865   0.029923   0.029923   0.001236   0.278840   0.304960   0.291840   0.235860   0.192800
 3980.000   4610.000 5001.000   6205.000   7104.000   8580.000   11094.00   12623.00   0.043144   0.027061   0.037755   0.037755   0.025823   0.279760   0.290040   0.314720   0.312540   0.270360
    NA         NA       NA         NA         NA         NA         NA         NA         NA         NA         NA         NA         NA         NA         NA         NA         NA         NA
 977.0000   1243.000 1429.000   1850.000   2575.000   3057.000   3733.000   3729.000   0.051642   0.066133   0.034317   0.034317  -0.000214   0.212780   0.228580   0.265080   0.203940   0.229300
 1647.000   2217.000 2425.000   3446.000   4379.000   5478.000   6131.000   6437.000   0.070277   0.047921   0.044784   0.044784   0.009741   0.167760   0.203480   0.196720   0.180140   0.147860
 4014.000   4588.000 5149.000   6438.000   7401.000   8351.000   8863.000   9904.000   0.044683   0.027879   0.024153   0.024153   0.022211   0.265120   0.273780   0.261980   0.236840   0.197040
 4893.000   5871.000 6834.000   7988.000   9164.000   9423.000   10013.00   10640.00   0.031206   0.027468   0.005574   0.005574   0.012147   0.319760   0.301180   0.324840   0.252400   0.291820
 852.0000   1148.000 1255.000   1407.000   1702.000   2250.000   2319.000   2533.000   0.022865   0.038069   0.055825   0.055825   0.017654   0.168840   0.185860   0.209560   0.231760   0.211700
 4032.000   4651.000 4970.000   5609.000   6319.000   7082.000   7975.000   8665.000   0.024191   0.023838   0.022799   0.022799   0.016596   0.185200   0.208780   0.203820   0.177460   0.150660
    NA         NA       NA         NA         NA         NA         NA         NA         NA         NA         NA         NA         NA         NA         NA         NA         NA         NA
 4533.000   4926.000 5182.000   5862.000   7344.000   7739.000   8349.000   8850.000   0.024660   0.045079   0.010478   0.010478   0.011655   0.335400   0.353100   0.323840   0.288880   0.282440
    NA         NA    1799.000   1833.000   2201.000   2769.000   3055.000   2893.000   0.003745   0.036592   0.045915   0.045915  -0.010897   0.208860   0.218700   0.212260   0.200660   0.199620
 4367.000   4579.000 5571.000   6118.000   6595.000   7423.000   7363.000   8000.000   0.018732   0.015015   0.023654   0.023654   0.016595   0.225540   0.210660   0.239960   0.229980   0.216640
    NA         NA    1008.000   1366.000   1664.000   1518.000   1528.000   1374.000   0.060784   0.039468  -0.018366  -0.018366  -0.021247   0.102060   0.175900   0.216380   0.146180   0.181320
    NA         NA       NA         NA         NA         NA         NA         NA         NA         NA         NA         NA         NA         NA         NA         NA         NA         NA
    NA         NA       NA         NA         NA         NA         NA         NA         NA         NA         NA         NA         NA         NA         NA         NA         NA         NA
    NA         NA       NA         NA         NA         NA         NA         NA         NA         NA         NA         NA         NA         NA         NA         NA         NA         NA
    NA         NA       NA         NA         NA         NA         NA         NA         NA         NA         NA         NA         NA         NA         NA         NA         NA         NA

