 5698.148   5087.646    6058.49   7160.694   8705.668   9305.646  8106.817    -0.022700   0.034900   0.033400   0.039100   0.013300  -0.027583  0.3479  0.2465  0.3720  0.4590  0.3745
       NA         NA         NA         NA         NA         NA     NA           NA         NA         NA         NA         NA         NA         NA      NA      NA      NA      NA
       NA    68010.3   70304.85   65302.08   69948.04    74548.6  65693.05     0.011400   0.006600  -0.014800   0.013700   0.012700  -0.025292  0.1344  0.1331  0.1627  0.2174  0.1816
 194.0403   199.9454   282.1474   527.5629   787.4473   1143.832  1509.491     0.006000   0.068900   0.125200   0.080100   0.074700   0.055478  0.1237  0.2172  0.4881  0.3978  0.3652
       NA   32059.57   34670.69    36536.6   38681.41   43915.75  44740.85        NA      0.015700   0.010500   0.011400   0.025400   0.003723  0.1193  0.1145  0.2380  0.2698  0.2195
 14178.34   15113.38   19555.22   18147.85    20126.4   20992.33  21812.46     0.012800   0.051500  -0.014900   0.020700   0.008400   0.007665  0.0638  0.0717  0.0494  0.1135  0.1716
 114591.1   120137.3     115309   124062.4   180209.2   227259.3  172634.9     0.009500  -0.008200   0.014600   0.074700   0.046400  -0.054983  0.0884  0.1272  0.1757  0.2066  0.2241
       NA         NA         NA         NA         NA         NA     NA           NA         NA         NA         NA         NA      0.019548      NA      NA      NA      NA      NA
 74641.74   71815.56   78073.44   80137.66   73622.05   72202.87  65720.99    -0.007700   0.016700   0.005200  -0.017000  -0.003900  -0.018812  0.2160  0.1976  0.1888  0.1163  0.0929
 62336.82   53452.91   52437.02   49255.59   34308.69   42965.32  43272.24    -0.030800  -0.003800  -0.012500  -0.072300   0.045000   0.001424  0.1569  0.1605  0.1382  0.2028  0.1065
       NA         NA         NA         NA         NA         NA     NA           NA         NA         NA         NA         NA     -0.025571      NA      NA      NA      NA      NA
 122736.8   129268.3     151904   203270.4     224486   317728.2  263492.2     0.010400   0.032300   0.058300   0.019900   0.069500  -0.037435      NA      NA      NA      NA      NA
 192.3696   245.3772     258.14   279.9746    397.158   483.4167  495.2324     0.048700   0.010100   0.016200   0.069900   0.039300   0.004830  0.1614  0.1490  0.1502  0.3108  0.2866
 183.3644   208.5911   221.0043   222.3797   225.3334   199.1531  200.3741     0.025800   0.011600   0.001200   0.002600  -0.024700   0.001222  0.1243  0.1383  0.1145  0.0903  0.1114
 582608.7   686721.9   860515.9    1530926    1134881    1021063  879028.8     0.032900   0.045100   0.115200  -0.059900  -0.021100  -0.029956  0.4491  0.3504  0.4128  0.5085  0.3326
 400.1344   492.6619   538.4666   685.9662   670.3312   671.1898  669.3121     0.041600   0.017800   0.048400  -0.004600   0.000300  -0.000560  0.0777  0.0891  0.0607  0.1862  0.2344
 4570.089   4566.333   4752.728   4082.359   3989.758   3344.691  3560.686    -0.000200   0.008000  -0.030400  -0.004600  -0.035300   0.012516  0.1997  0.1279  0.1149  0.0892  0.0484
       NA         NA         NA         NA         NA         NA     NA           NA         NA         NA         NA         NA         NA         NA      NA      NA      NA      NA
       NA         NA   9763.498   9351.911   6497.651   7872.009  8593.647        NA         NA     -0.008600  -0.072800   0.038400   0.017542      NA      NA  0.2361  0.1899  0.2724
   134225   176216.5   224682.4   267841.3   266722.7   236831.8  179564.6     0.054400   0.048600   0.035100  -0.000800  -0.023800  -0.055363  0.1798  0.2014  0.2202  0.2606  0.2175
 2012.672   1983.368   2182.988   2892.802   3162.578   2959.269  3256.698    -0.002900   0.019200   0.056300   0.017800  -0.013300   0.019154  0.1509  0.1852  0.2444  0.2284  0.2498
 99.42595   128.0582   132.3308   150.2095   219.4096    201.424  244.2744     0.050600   0.006600   0.025300   0.075800  -0.017100   0.038576  0.0626  0.1092  0.1575  0.2808  0.3440
 551.4286    556.814    667.217   624.7798   601.7241   477.6859     NA        0.001900   0.036200  -0.013100  -0.007500  -0.046200      NA     0.3644  0.1839  0.1954  0.3162  0.1599
 87143.93   87972.68   92935.42   85770.65   79159.98   63875.83  62601.09     0.001900   0.011000  -0.016000  -0.016000  -0.042900  -0.004032  0.0993  0.1426  0.1501  0.1571  0.1629
 99.43343   103.8848   122.1182   151.9127   166.6065   152.9651  147.7991     0.008800   0.032300   0.043700   0.018500  -0.017100  -0.006871  0.0978  0.1588  0.2380  0.3088  0.1987
    40000    41880.7    43355.2   45080.44   52215.48   50372.18  54165.15     0.009200   0.006900   0.007800   0.029400  -0.007200   0.014520      NA  0.1824  0.1666  0.1605  0.1802
 15241.03   21228.23   23180.33   20598.98   21013.56   19394.11  19587.95     0.066300   0.017600  -0.023600   0.004000  -0.016000   0.001989  0.4310  0.1980  0.1998  0.3447  0.3348
 5909.091   6583.784   5964.656   7983.918   9003.002   10617.65  15492.48     0.021600  -0.019800   0.058300   0.024000   0.033000   0.075567  0.1701  0.1400  0.1797  0.3000  0.2073
 2345.471   2439.275    2826.91   3070.211   3619.854   3594.485  3907.546     0.007800   0.029500   0.016500   0.032900  -0.001400   0.016702  0.1040  0.1208  0.1783  0.2742  0.2211
       NA         NA         NA         NA   6460.382   4440.577  4738.910        NA         NA         NA         NA     -0.075000   0.013005      NA      NA      NA      NA  0.1570
 102009.9   121764.1   108369.5   81329.98   97207.62   74385.86  69026.12     0.035400  -0.023300  -0.057400   0.035700  -0.053500  -0.014956  0.0929  0.0806  0.1171  0.1935  0.1816
 418.0638   462.2854   514.1882   619.4915   666.6902   498.4499  540.9244     0.020100   0.021300   0.037300   0.014700  -0.058200   0.016355  0.1026  0.1190  0.1632  0.2408  0.1551
  16345.8   14534.34   18257.11   17363.47    20996.3   21091.94  17613.37    -0.023500   0.045600  -0.010000   0.038000   0.000900  -0.036047  0.0735  0.0832  0.0912  0.1420  0.1528
 115008.6   122468.2   119524.4   119657.3     109972   111359.8  114022.0     0.012600  -0.004900   0.000200  -0.016900   0.002500   0.004725  0.1330  0.1162  0.1798  0.1670  0.1585
       NA         NA         NA         NA   14950.79   15118.49  19431.19        NA         NA         NA         NA      0.002200   0.050192      NA      NA      NA      NA      NA
       NA    307.719   362.0068   365.0821   354.9923   330.7083  327.7616     0.023700   0.032500   0.001700  -0.005600  -0.014200  -0.001790  0.1078  0.1323  0.1423  0.1298  0.1513
 4166.667   3525.132   3232.267   3302.552   3709.885   3608.841  3282.138    -0.033400  -0.017300   0.004300   0.023300  -0.005500  -0.018978  0.0971  0.1184  0.1569  0.3629  0.3269
 1297.189   1666.335   2007.213   2139.018    2192.13   2065.647  1979.851     0.050100   0.037200   0.012700   0.004900  -0.011900  -0.008484  0.2158  0.2647  0.2832  0.2815  0.2811
   197.94   218.4643   197.6622   204.1781   212.6225   172.7931     NA        0.019700  -0.020000   0.006500   0.008100  -0.041500      NA     0.1161  0.1228  0.1294  0.1707  0.1646
 364.7059    551.676   675.2381   823.0291   748.4042   730.5263  908.1956     0.082800   0.040400   0.039600  -0.019000  -0.004800   0.043539  0.2652  0.2112  0.2235  0.3160  0.3418
 1595.692    1932.99   2262.266   2371.722   2245.029   1976.441  2100.175     0.038400   0.031500   0.009400  -0.011000  -0.025500   0.012145  0.1329  0.1624  0.2276  0.2425  0.1877
 52575.96   64379.64   77326.73   82690.63   93095.43   72416.06  68526.89     0.040500   0.036600   0.013400   0.023700  -0.050200  -0.011040  0.1240  0.1514  0.1851  0.3640  0.2545
 251.1253   293.9093   339.0677   464.1597    554.574    598.733  632.7841     0.031500   0.028600   0.062800   0.035600   0.015300   0.011063  0.2241  0.2442  0.2249  0.2988  0.3091
 14170.35   15573.47   16702.53   14651.06    10018.2   10074.93  11048.38     0.018900   0.014000  -0.026200  -0.076000   0.001100   0.018447  0.1174  0.1261  0.1166  0.0662  0.0906
 1282.372   1348.276   1416.765   1386.223   1091.102   997.0045  878.1389     0.010000   0.009900  -0.004400  -0.047900  -0.018000  -0.025390  0.0925  0.1065  0.1570  0.1441  0.1379
 596.9437   688.0609   642.0533   622.2864   542.5182   466.5722  425.1464     0.028400  -0.013800  -0.006300  -0.027400  -0.030200  -0.018596  0.2063  0.2871  0.3331  0.2539  0.1756
 452.0244   418.4126   499.1427   547.2383    490.926    496.788  501.7408    -0.015500   0.035300   0.018400  -0.021700   0.002400   0.001984  0.1764  0.1869  0.2442  0.1757  0.1935
       NA         NA         NA         NA   6358.095   6941.559  6616.491        NA         NA         NA         NA      0.017600  -0.009592      NA      NA      NA  0.1223  0.1905
 2588.745   3488.851   5316.736   5462.602   6740.562   6344.664  7392.247     0.059700   0.084300   0.005400   0.042000  -0.012100   0.030564  0.2068  0.2132  0.2330  0.2244  0.2233
 6677.833   8039.435   9285.313   11256.99   12885.25    14003.7  15262.11     0.037100   0.028800   0.038500   0.027000   0.016600   0.017210  0.2263  0.2454  0.2335  0.2432  0.2125
  10749.6   11570.47   13931.67   16310.98   18665.46   16922.46  18699.96     0.014700   0.037100   0.031500   0.027000  -0.019600   0.019976  0.1812  0.1919  0.2352  0.2367  0.2505
       NA         NA         NA         NA         NA   2603.333  3461.472        NA         NA         NA         NA         NA      0.056980      NA      NA      NA      NA      NA
 598.7368   585.7627    725.797   966.2045   1083.746    1031.39  1028.180    -0.004400   0.042900   0.057200   0.023000  -0.009900  -0.000623  0.1355  0.1493  0.2200  0.2539  0.2350
 1474.011   1743.688   1814.242   2070.012   1970.497   1702.433  1716.571     0.033600   0.007900   0.026400  -0.009900  -0.029200   0.001654  0.1411  0.1385  0.1670  0.2141  0.1294
       NA         NA         NA         NA         NA   2481.667  3379.079        NA         NA         NA         NA         NA      0.061735      NA      NA      NA      NA      NA
 684.4868   759.8055    866.565   990.7173   1139.199   934.9868  934.8537     0.020900   0.026300   0.026800   0.027900  -0.039500  -2.85E-05  0.1027  0.1271  0.1432  0.1958  0.1394
 1213.301   1131.975   1065.178   1117.289   1350.268   1173.691  1012.953    -0.013900  -0.012200   0.009600   0.037900  -0.028000  -0.029457  0.0843  0.0704  0.1381  0.1632  0.1652
 961.3754    1035.31   1127.865   1159.494   1389.405   1221.355  1221.025     0.014800   0.017100   0.005500   0.036200  -0.025800  -5.41E-05  0.1431  0.1764  0.1984  0.2300  0.1853
 2090.259   2373.234   2823.863   2787.176    2186.01   2024.486  2374.656     0.025400   0.034800  -0.002600  -0.048600  -0.015400   0.031907  0.2772  0.3077  0.2936  0.1810  0.2045
 31051.35   37499.45   44779.23   52343.42   63479.89   62643.27  61338.24     0.037700   0.035500   0.031200   0.038600  -0.002700  -0.004211  0.1805  0.1996  0.2011  0.2237  0.2356
 6508.238   9090.909   9780.915   10929.46   7899.675    6558.68  4953.054     0.066800   0.014600   0.022200  -0.064900  -0.037200  -0.056157  0.1684  0.2032  0.2092  0.1467  0.2048
 837.7642   1074.001   1352.449   1494.908   1819.376    1879.22  1571.914     0.049700   0.046100   0.020000   0.039300   0.006500  -0.035713  0.1832  0.2126  0.3145  0.2816  0.2470
       NA         NA         NA         NA         NA         NA     NA           NA         NA         NA         NA         NA      0.036436      NA      NA      NA      NA      NA
       NA         NA         NA         NA         NA         NA     NA           NA         NA         NA         NA         NA      0.056633      NA      NA      NA      NA      NA
 7757.731   8011.589   9715.393   10495.54    13662.1   9974.684  8294.390     0.006400   0.038600   0.015400   0.052700  -0.062900  -0.036894  0.2620  0.2072  0.2778  0.2757  0.2681
 7809.689   9191.546   10021.75   10575.35   11787.23   12825.82  13903.41     0.032600   0.017300   0.010800   0.021700   0.016900   0.016135  0.1615  0.1670  0.1631  0.1687  0.1612
 .6848593   .7851739   .9155874   .9694108   1.003542   .8279918  0.780924     0.027300   0.030700   0.011400   0.006900  -0.038500  -0.011705  0.2000  0.1908  0.2011  0.2540  0.1706
 .0153027   .0172458   .0189226   .0221935   .0220722   .0173356  0.016658     0.023900   0.018600   0.031900  -0.001100  -0.048300  -0.007976  0.1772  0.2272  0.2560  0.2730  0.0904
 41.73899    44.8854   57.36017   82.98806   104.0516   101.4281  101.6403     0.014500   0.049000   0.073900   0.045200  -0.005100   0.000418  0.1905  0.1962  0.2229  0.2355  0.1884
 71786.88      77169   88215.49   72173.91    96455.8   86874.02  107722.4     0.014500   0.026800  -0.040100   0.058000  -0.020900   0.043020  0.1405  0.1572  0.1444  0.1516  0.1563
 34727.69   37173.46   43341.48   51825.38   60984.09   62249.28  71105.60     0.013600   0.030700   0.035800   0.032500   0.004100   0.026604  0.1767  0.1802  0.1947  0.1792  0.1979
 16524.22   18365.42   19947.12   30305.61   36107.35   34943.48  33723.91     0.021100   0.016500   0.083600   0.035000  -0.006600  -0.007105  0.1323  0.1641  0.2065  0.2612  0.2179
 1750.855   1767.816   1988.358   2132.329   1984.211    1584.81  1426.676     0.001900   0.023500   0.014000  -0.014400  -0.045000  -0.021024  0.2037  0.2300  0.2297  0.3021  0.2639
 78356.16   98697.54   106592.9   129008.2   183317.4   171919.8  179707.2     0.046200   0.015400   0.038200   0.070300  -0.012800   0.008860  0.1386  0.1582  0.1680  0.2577  0.2772
 247.4134   287.6397   312.1201   347.3056    345.094   303.2245  250.1807     0.030100   0.016300   0.021400  -0.001300  -0.025900  -0.038458  0.3908  0.3134  0.1896  0.2137  0.2734
       NA         NA         NA   4281.044       4500   3751.508  3047.847        NA         NA         NA      0.010000  -0.036400  -0.041545  0.4067  0.3042  0.2862  0.3669  0.2231
 21796.69   20408.47   24330.48   26104.63   31969.49   26795.92  31143.14    -0.013200   0.035200   0.014100   0.040500  -0.035300   0.030069  0.1498  0.1152  0.1201  0.1536  0.1336
 19074.35    21163.6   21529.61   20836.95   19821.62   16174.86  16243.84     0.020800   0.003400  -0.006500  -0.010000  -0.040700   0.000851  0.2195  0.2613  0.3103  0.3778  0.2126
       NA         NA         NA         NA         NA         NA     NA           NA         NA         NA         NA         NA         NA         NA      NA      NA      NA      NA
       NA         NA         NA         NA   3873.199    3599.52  3380.591        NA         NA         NA         NA     -0.014700  -0.012550      NA      NA      NA      NA  0.4018
 2053.212   2278.832   2381.845   2017.445   2261.456   2368.029  2592.677     0.020900   0.008800  -0.033200   0.022800   0.009200   0.018127  0.0969  0.1157  0.0816  0.1024  0.1436
  886.134   960.8247   939.6765   939.7439   1151.861   1350.729     NA        0.016200  -0.004500   0.000000   0.040700   0.031900      NA         NA      NA      NA      NA      NA
 251.8465    235.604   307.2137   358.2481   437.7141   670.2659  909.2297    -0.013300   0.053100   0.030700   0.040100   0.085200   0.060985  0.2139  0.2245  0.2919  0.3125  0.2953
 7512.291   11407.04    14165.4    17605.5   27187.93   32972.88  46039.67     0.083500   0.043300   0.043500   0.086900   0.038600   0.066764  0.3088  0.2397  0.2420  0.2854  0.3106
  1534.18   1612.847   1805.979   1872.986   1975.756   2321.126  2816.899     0.010000   0.022600   0.007300   0.010700   0.032200   0.038717  0.1744  0.1789  0.1907  0.2251  0.2409
       NA   155338.7   197039.3     256505   329797.8   356557.1  439870.1    -0.013600   0.047600   0.052700   0.050300   0.015600   0.041997  0.1025  0.0922  0.1924  0.2431  0.2718
 105906.1   124179.8   180300.7     250120   178654.3   196500.4  151850.4     0.031800   0.074600   0.065500  -0.067300   0.019000  -0.051554  0.1762  0.1789  0.2132  0.2811  0.1957
  432.265   583.1226     646.96   811.7891   1196.516         NA     NA        0.059900   0.020800   0.045400   0.077600  -0.142000  -0.158840  0.1997  0.1575  0.1923  0.2684  0.2735
 13.56826   17.85416    22.4311   27.84486   29.68541   30.40397  33.88542     0.054900   0.045600   0.043200   0.012800   0.004800   0.021682  0.2963  0.2313  0.2945  0.2536  0.2106
 597211.6     916638    1461400    1683908    2055968    2409030  2944866.     0.085700   0.093300   0.028300   0.039900   0.031700   0.040168  0.2970  0.2920  0.3771  0.3237  0.3081
       NA         NA   187.4293   196.9962   336.7431   361.8654  365.1385     0.067300  -0.030000   0.010000   0.107200   0.014400   0.001801  0.1644  0.1762  0.1940  0.3518  0.4134
 317943.1   371908.1   528772.3   740908.7   994386.7    1331596  2052747.     0.031400   0.070400   0.067500   0.058800   0.058400   0.086560  0.1387  0.2288  0.2530  0.2924  0.2936
 2251.724   13900.42   11473.92   7438.629   5642.201   3389.135     NA        0.364000  -0.038400  -0.086700  -0.055300  -0.101900      NA     0.1346  0.1837  0.0942  0.1729  0.2019
 1627.425   1920.815   2301.668   2875.673   3872.421   4368.703  5399.775     0.033200   0.036200   0.044500   0.059500   0.024100   0.042378  0.1886  0.1945  0.2488  0.2604  0.3441
 1633.521   1625.097     1683.7   1619.812   1594.945   1693.534  1868.330    -0.001000   0.007100  -0.007700  -0.003100   0.012000   0.019645      NA  0.0536  0.0780  0.1595  0.1825
       NA         NA         NA         NA   2099.797   3388.486  3213.470        NA         NA         NA         NA      0.095700  -0.010606      NA  0.1769  0.2578  0.3140  0.2566
 1598.651   2005.633   2446.912   2438.303   2839.636   3379.081  3827.536     0.045400   0.039800  -0.000700   0.030500   0.034800   0.024923  0.1760  0.1738  0.1438  0.1767  0.1754
 3144.505   3494.084   3872.996   4535.647   5374.292    4584.46  5103.001     0.021100   0.020600   0.031600   0.033900  -0.031800   0.021431  0.1850  0.2058  0.2125  0.2981  0.2662
       NA    17550.6   23620.54   35719.21   41165.18   26816.13  26956.95        NA      0.059400   0.082700   0.028400  -0.085700   0.001047  0.1183  0.1812  0.1269  0.2403  0.2374
 2692.593    3069.74   5113.253   7375.166   10389.23   13240.81  17822.00     0.026200   0.102000   0.073300   0.068500   0.048500   0.059426  0.1519  0.2391  0.4107  0.3986  0.4722
 2776.823   2903.979   3452.381   3818.909   4513.502   5211.214  5696.306     0.009000   0.034600   0.020200   0.033400   0.028700   0.017801  0.1444  0.1470  0.1655  0.1841  0.2937
 2631.002   3286.385   3336.529    5268.89   5826.136   5586.154  5637.348     0.044500   0.003000   0.091400   0.020100  -0.008400   0.001825  0.1162  0.1212  0.1717  0.2906  0.2425
 21.59007    29.0624   39.79286   55.29412   82.56108   102.2952     NA        0.059400   0.062800   0.065800   0.080200   0.042900      NA     0.1909  0.2372  0.2930  0.3034  0.2675
 6006.438   7298.486   9657.295   10926.28   14100.64   16734.71  24843.93     0.039000   0.056000   0.024700   0.051000   0.034300   0.079026  0.1771  0.2326  0.2500  0.2654  0.2526
       NA         NA         NA     104396   108177.3   74074.07     NA           NA         NA         NA      0.007100  -0.075700      NA         NA      NA  0.2044  0.3539  0.2886
       NA         NA   856.6375   1306.667   1660.747   2316.782     NA           NA         NA      0.084400   0.048000   0.066600      NA         NA      NA  0.1429  0.2650  0.3200
 62074.34   73824.95    93347.7   111529.8   131678.6   141495.7  161080.0     0.034700   0.046900   0.035600   0.033200   0.014400   0.025926  0.2784  0.3058  0.3030  0.2671  0.2465
 172277.7     213061   264370.2   309443.6   357977.1   371272.1  428207.9     0.042500   0.043200   0.031500   0.029100   0.007300   0.028535  0.2107  0.2288  0.2311  0.2150  0.1736
  504.363   639.1752   869.9187   715.7471   1208.744   1501.201  1978.470     0.047400   0.061600  -0.039000   0.104800   0.043300   0.055212  0.1823  0.2250  0.1692  0.3198  0.3341
 42217.86   52522.07   60762.84   65256.91   72945.54   82831.45  88894.41     0.043700   0.029100   0.014300   0.022300   0.025400   0.014128  0.1284  0.1269  0.2492  0.2111  0.1697
 19227.99   23663.45   29548.42   35236.68   40334.73   45517.52  52954.22     0.041500   0.044400   0.035200   0.027000   0.024200   0.030266  0.2912  0.2772  0.3181  0.2670  0.2716
 24997.27   31011.57   38682.74   45650.32   52276.88   54758.02  61641.24     0.043100   0.044200   0.033100   0.027100   0.009300   0.023681  0.2491  0.2682  0.2703  0.2402  0.2135
 13155.95   15766.22   18680.65   20281.75      24023   25657.41  29303.54     0.036200   0.033900   0.016400   0.033900   0.013200   0.026575  0.1699  0.1604  0.2548  0.2139  0.2103
 63600.34   91040.93   123621.1   153531.6   177330.7   183990.3  195274.2     0.071700   0.061200   0.043300   0.028800   0.007400   0.011904  0.2134  0.2396  0.3008  0.2744  0.2274
       NA         NA   43813.48   58298.52   67320.27   73801.26  75681.25        NA         NA      0.057100   0.028800   0.018400   0.005031  0.2810  0.2868  0.3355  0.3714  0.2816
 31050.57   38637.11   41152.45   52018.35   67938.59   70373.45  77073.58     0.043700   0.012600   0.046900   0.053400   0.007000   0.018189  0.2730  0.2951  0.2823  0.2597  0.2413
 1394.032   1660.466   2039.356    2364.18   2752.338   2891.224  3695.499     0.035000   0.041100   0.029600   0.030400   0.009800   0.049087  0.2081  0.2427  0.2780  0.2713  0.2819
  3280877    4081790    5346527    5831425    6920023    7428992  8562784.     0.043700   0.054000   0.017400   0.034200   0.014200   0.028407  0.2729  0.2300  0.2518  0.2364  0.2400
 228476.2   258648.6   299117.7   327146.8   364109.6   418852.4  505524.1     0.024800   0.029100   0.017900   0.021400   0.028000   0.037615  0.3076  0.2571  0.2746  0.2370  0.2537
 272.1331   290.9549   445.3681   692.4085   1076.923    1235.71  1613.120     0.013400   0.085100   0.088300   0.088300   0.027500   0.053305  0.2258  0.2916  0.2719  0.2518  0.2842
 13040.83   15422.16   18828.13   21688.86   23795.05   24325.44  27066.20     0.033500   0.039900   0.028300   0.018500   0.004400   0.021353  0.1592  0.1617  0.2580  0.2123  0.1901
 33230.94   40075.21   46272.89   56176.69   69665.12   81001.68  83280.88     0.037500   0.028800   0.038800   0.043000   0.030200   0.005550  0.2931  0.2815  0.3059  0.3293  0.2602
       NA         NA         NA         NA   70577.33   67494.55  64761.28        NA         NA         NA         NA     -0.008900  -0.008268      NA      NA      NA      NA      NA
 46964.11   61091.03   82452.45   111818.4   124533.3   128581.3  164807.5     0.052600   0.060000   0.060900   0.021500   0.006400   0.049643  0.2435  0.2493  0.2789  0.2777  0.3179
 175045.2   249656.8   320317.3   392510.2   406569.3   422604.7  520792.4     0.071000   0.049800   0.040700   0.007000   0.007700   0.041783  0.2433  0.2783  0.2802  0.2395  0.2095
 36751.34   45746.05    53785.9   59990.24    63176.9   68718.56  74313.92     0.043800   0.032400   0.021800   0.010400   0.016800   0.015656  0.1003  0.1009  0.2315  0.2114  0.1837
 17693.03   20901.64   23998.72   24449.65   26671.89   28136.59  31121.67     0.033300   0.027600   0.003700   0.017400   0.010700   0.020167  0.3166  0.2902  0.3233  0.2343  0.2663
  53984.3   60353.13   73780.47    93441.6   96557.57   108348.2  129600.0     0.022300   0.040200   0.047200   0.006600   0.023000   0.035820  0.1546  0.1705  0.1981  0.2211  0.2073
 2779.839   3142.815   3479.702   3750.644   4091.554   4489.738  5175.135     0.024500   0.020400   0.015000   0.017400   0.018600   0.028414  0.1955  0.2114  0.2101  0.1923  0.1634
 30693.98   38550.99      49973   62625.79   80703.02   80612.38  72712.34     0.045600   0.051900   0.045100   0.050700  -0.000200  -0.020628  0.3529  0.2947  0.3033  0.3470  0.3738
 5373.759   6137.162   7542.177   8227.165   8868.772   9633.202  10171.34     0.026600   0.041200   0.017400   0.015000   0.016500   0.010872  0.1873  0.1960  0.2588  0.2424  0.2470
     1000   924.6983   1167.923   1395.417   1551.562   1400.543  1588.596    -0.015700   0.046700   0.035600   0.021200  -0.020500   0.025198  0.1842  0.2223  0.2242  0.2364  0.2638
 5470.588   6138.088   6489.362   7249.757   7096.049    8025.87  7956.130     0.023000   0.011100   0.022200  -0.004300   0.024600  -0.001745  0.2204  0.2288  0.2660  0.2554  0.2930
 339.0181   399.8181   485.5904    593.546   556.3518   537.2259  502.4207     0.033000   0.038900   0.040100  -0.012900  -0.007000  -0.013396  0.1499  0.2334  0.2902  0.2128  0.2894
       NA         NA         NA         NA         NA         NA  289.1232        NA         NA         NA         NA         NA      0.038641      NA      NA      NA      NA      NA
       NA         NA         NA         NA         NA         NA     NA           NA         NA         NA         NA         NA         NA         NA      NA      NA      NA      NA
       NA         NA         NA         NA         NA         NA  916.0341        NA         NA         NA         NA         NA     -0.006823      NA      NA      NA      NA      NA
       NA         NA         NA         NA         NA         NA  626.1884        NA         NA         NA         NA         NA      0.003226      NA      NA      NA      NA      NA

