 0.0448   0.0481   0.0567   0.0620   0.0594   0.029700   0.036900   0.039400   0.043700   0.043600   0.030000   0.029000   0.020000   0.021000   0.019000
     NA       NA       NA       NA       NA      NA         NA         NA         NA         NA         NA         NA         NA      0.140000   0.151000
 0.0250   0.0325   0.0399       NA       NA   0.024800   0.032200   0.042500   0.039800   0.051300   0.018000   0.021000   0.020000   0.014000   0.019000
 0.0378   0.0508   0.0546   0.0752   0.0665   0.030000   0.043700   0.034500   0.050700   0.054200      NA         NA         NA      0.035000   0.030000
     NA       NA   0.0295   0.0276   0.0311   0.018200   0.020900   0.020200   0.025300   0.030100   0.017000   0.014000   0.013000   0.030000   0.031000
 0.0195       NA       NA   0.0296   0.0339   0.018300   0.029400   0.023300   0.024200   0.026500   0.014000   0.014000   0.018000   0.025000   0.032000
 0.0150   0.0242   0.0338   0.0307   0.0309   0.022100   0.023300   0.030200   0.021800   0.023500   0.024000   0.022000   0.018000   0.015000   0.017000
     NA       NA       NA       NA       NA      NA         NA         NA         NA         NA         NA         NA         NA         NA         NA
 0.0231   0.0367       NA   0.0388   0.0541   0.023100   0.036700   0.040500   0.036400   0.040200   0.009000   0.019000   0.024000   0.021000   0.022000
     NA   0.0226       NA       NA       NA   0.011400   0.021800   0.019600   0.018400   0.018300   0.007000   0.030000   0.050000   0.032000      NA
     NA       NA       NA       NA       NA      NA         NA         NA         NA         NA         NA         NA         NA         NA         NA
 0.0317   0.0545   0.0551   0.0784   0.0538   0.031100   0.045000   0.052800   0.076000   0.049900   0.025000   0.039000   0.046000   0.049000   0.024000
 0.0509   0.0476   0.0535   0.0462   0.0520   0.045000   0.043600   0.048900   0.039500   0.041700   0.062000   0.097000   0.251000   0.235000   0.117000
 0.0109   0.0153   0.0239   0.0231   0.0355   0.009500   0.012200   0.017100   0.020000   0.029900   0.022000   0.026000   0.021000   0.062000   0.086000
 0.0276   0.0348   0.0303   0.0243   0.0316   0.022400   0.032300   0.028600   0.022700   0.020000   0.010000   0.013000   0.013000   0.017000   0.024000
 0.0278   0.0291   0.0276   0.0319   0.0372   0.021100   0.024300   0.023500   0.025200   0.035700      NA         NA      0.000000   0.000000   0.002000
 0.0306   0.0476   0.0439   0.0418   0.0233   0.026000   0.043800   0.038100   0.034300   0.014200   0.018000   0.022000   0.016000   0.009000   0.004000
     NA       NA       NA       NA       NA      NA         NA         NA         NA         NA      0.025000   0.047000      NA         NA         NA
     NA       NA       NA       NA       NA      NA         NA      0.010100   0.036600   0.033800      NA         NA         NA         NA      0.060000
 0.0406   0.0567   0.0673   0.0655       NA   0.035400   0.049300   0.059900   0.065200      NA      0.010000   0.013000   0.012000   0.009000   0.011000
 0.0374   0.0440   0.0486   0.0564   0.0620   0.036100   0.041000   0.044700   0.052600   0.057000   0.003000   0.011000   0.014000   0.032000   0.034000
 0.0461   0.0414   0.0454       NA   0.0889   0.045900   0.036900   0.042700      NA      0.069500      NA         NA      0.000000   0.000000   0.026000
 0.0135   0.0209   0.0204   0.0368   0.0553   0.014400   0.018200   0.018100   0.035100   0.047500   0.009000   0.009000   0.008000   0.009000   0.041000
 0.0225   0.0607   0.0388   0.0500   0.0404   0.020600   0.056300   0.036200   0.043200   0.036800   0.013000   0.015000   0.014000   0.023000   0.026000
 0.0132   0.0202   0.0343   0.0256   0.0293   0.011800   0.017400   0.028300   0.023500   0.024100   0.005000   0.005000   0.007000   0.024000   0.027000
     NA   0.0711       NA   0.0719   0.0362      NA      0.071000   0.065200   0.070400   0.035800   0.028000   0.022000   0.023000      NA      0.055000
 0.0325       NA   0.0378   0.0400       NA   0.017600   0.016400   0.031100   0.038800   0.061700   0.026000   0.013000   0.016000   0.129000   0.074000
 0.0274   0.0279   0.0299   0.0503   0.0453   0.024000   0.025800   0.027900   0.042400   0.042600   0.002000   0.003000   0.016000   0.006000   0.003000
 0.0337   0.0348   0.0397   0.0597   0.0680   0.030500   0.032000   0.034300   0.046100   0.052200   0.027000   0.026000   0.031000   0.051000   0.058000
     NA       NA       NA       NA       NA      NA         NA         NA         NA         NA         NA         NA         NA         NA      0.087000
 0.0057   0.0082   0.0114   0.0264   0.0308   0.004900   0.007300   0.010500   0.020700   0.021300   0.010000   0.011000   0.009000   0.009000   0.007000
 0.0145   0.0143   0.0285   0.0312   0.0150   0.013600   0.010200   0.016400   0.019900   0.017800   0.006000   0.034000   0.045000   0.045000   0.022000
     NA   0.0391   0.0265   0.0222   0.0337   0.025600   0.028000   0.028200   0.021100   0.030500   0.026000   0.021000   0.020000   0.020000   0.019000
 0.0219   0.0300   0.0345       NA       NA   0.018700   0.020300   0.033300   0.036800   0.044400   0.011000   0.019000   0.019000   0.028000   0.028000
     NA       NA       NA       NA       NA      NA         NA         NA         NA         NA         NA         NA         NA         NA         NA
 0.0278   0.0322   0.0338   0.0354   0.0370   0.024400   0.027700   0.031600   0.030600   0.035200   0.007000   0.007000   0.009000   0.009000   0.009000
 0.0082   0.0093   0.0116   0.0200   0.0098   0.007100   0.009000   0.009600   0.016400   0.008500      NA         NA      0.036000   0.039000      NA
 0.0309       NA       NA   0.0391       NA      NA      0.007500      NA         NA         NA      0.017000   0.024000   0.023000   0.044000   0.037000
 0.0195   0.0387   0.0506   0.0471   0.0471   0.017600   0.034700   0.046300   0.042600   0.038000   0.019000   0.033000   0.040000   0.022000   0.022000
 0.0229   0.0360   0.0423   0.0500   0.0605   0.018400   0.030500   0.034300   0.033600   0.046800      NA         NA      0.000000   0.015000   0.021000
     NA   0.0286   0.0368   0.0547   0.0436   0.026500   0.028300   0.031200   0.045500   0.037100   0.019000   0.026000   0.037000   0.064000   0.037000
 0.0187   0.0187   0.0344   0.0591   0.0569   0.019300   0.017800   0.031200   0.054600   0.055300   0.008000   0.012000   0.012000   0.030000   0.023000
 0.0556   0.0454   0.0572   0.0593   0.0474   0.036900   0.041300   0.051600   0.050400   0.043500   0.019000   0.015000   0.014000   0.023000   0.044000
 0.0237   0.0279   0.0339   0.0207   0.0221   0.019000   0.023500   0.029500   0.018500   0.018500   0.003000   0.017000   0.032000   0.029000   0.024000
     NA   0.0161       NA       NA       NA   0.027000   0.017700   0.023200   0.029400   0.032900   0.024000   0.046000   0.046000   0.038000   0.019000
 0.0222   0.0489   0.0523   0.0568   0.0492   0.015900   0.027100   0.040700   0.048400   0.046900   0.015000   0.015000   0.035000   0.070000   0.031000
 0.0164   0.0364   0.0304   0.0387   0.0711   0.016300   0.035500   0.031800   0.036000   0.068000   0.015000   0.017000   0.032000   0.061000   0.062000
     NA       NA       NA       NA       NA      NA         NA         NA         NA         NA         NA         NA         NA         NA         NA
 0.0272   0.0507   0.0637   0.0674   0.0613   0.025700   0.045200   0.057300   0.055800   0.050700      NA         NA      0.002000   0.002000   0.010000
 0.0465   0.0695   0.0770   0.0752   0.0726   0.036500   0.055700   0.066600   0.068700   0.067200   0.040000   0.027000   0.021000   0.019000   0.019000
 0.0375   0.0569   0.0511   0.0581   0.0566   0.035000   0.052200   0.048200   0.055100   0.051700   0.011000   0.010000   0.005000   0.007000   0.007000
     NA       NA       NA       NA       NA      NA         NA         NA         NA         NA         NA         NA         NA         NA         NA
 0.0193   0.0280   0.0279   0.0203   0.0212   0.018700   0.026500   0.025300   0.017600   0.018600   0.039000   0.029000   0.018000   0.017000   0.016000
 0.0257   0.0276   0.0322   0.0335   0.0356   0.022400   0.024400   0.028400   0.031100   0.033500   0.012000   0.015000   0.013000   0.018000   0.040000
 0.0560   0.0615   0.1446   0.0697   0.0387   0.053600   0.053300   0.077200   0.063500   0.037700      NA         NA         NA         NA         NA
 0.0151   0.0188   0.0191   0.0162   0.0180   0.015600   0.017700   0.015800   0.016200   0.016500   0.009000   0.010000   0.010000   0.013000   0.023000
 0.0164   0.0140   0.0080   0.0126   0.0121   0.015300   0.014000   0.007200   0.010400   0.011500   0.025000   0.019000   0.014000   0.013000   0.013000
 0.0218   0.0284   0.0299   0.0336   0.0345   0.021100   0.026700   0.028800   0.028500   0.031300   0.017000   0.014000   0.016000   0.020000   0.039000
 0.0232   0.0362   0.0504   0.0645   0.0630   0.020100   0.029500   0.042400   0.052000   0.062100   0.004000   0.005000   0.005000   0.008000   0.015000
 0.0139   0.0219   0.0238   0.0373   0.0312   0.013400   0.019600   0.020100   0.022300   0.025900   0.007000   0.007000   0.007000   0.006000   0.006000
 0.0173   0.0229   0.0236   0.0260   0.0444   0.016500   0.021200   0.020900   0.022000   0.048300   0.018000   0.015000   0.015000   0.025000   0.071000
 0.0379   0.0421   0.0565   0.0539   0.0479   0.036500   0.037900   0.051400   0.050200   0.044000   0.005000   0.005000   0.008000   0.012000   0.014000
     NA       NA       NA       NA       NA      NA         NA         NA         NA         NA         NA         NA         NA         NA         NA
     NA       NA       NA       NA       NA      NA         NA         NA         NA         NA         NA         NA         NA         NA         NA
 0.0221   0.0345   0.0403   0.0353   0.0517   0.020400   0.030300   0.032600   0.031000   0.041900   0.004000   0.003000   0.003000   0.012000   0.024000
 0.0474   0.0561   0.0637   0.0626   0.0674   0.038300   0.046400   0.056700   0.057400   0.058200   0.088000   0.087000   0.067000   0.054000   0.061000
 0.0236   0.0240   0.0243   0.0248   0.0311   0.022300   0.021800   0.022400   0.021600   0.027000   0.021000   0.020000   0.017000   0.045000   0.053000
 0.0161   0.0277   0.0410   0.0393   0.0253   0.015800   0.027500   0.035900   0.038300   0.024300   0.016000   0.019000   0.016000   0.029000   0.042000
 0.0179   0.0255   0.0293   0.0307   0.0356   0.004100   0.013100   0.021100   0.018500   0.021500   0.017000   0.026000   0.020000   0.010000   0.008000
 0.0335   0.0361   0.0473   0.0297   0.0465   0.026200   0.031300   0.042700   0.028500   0.043500   0.023000   0.020000   0.031000   0.049000   0.082000
 0.0252   0.0102   0.0320   0.0216   0.0258   0.023000   0.015400   0.014500   0.019500   0.024400   0.017000   0.019000   0.014000   0.012000   0.021000
 0.0181   0.0314   0.0370   0.0349   0.0417   0.015500   0.028000   0.030900   0.034100   0.038200   0.021000   0.019000   0.020000   0.021000   0.017000
 0.0320   0.0427   0.0519   0.0710   0.0820   0.029000   0.036100   0.042600   0.059100   0.068900   0.033000   0.008000   0.013000   0.035000   0.078000
 0.0145   0.0197   0.0198   0.0149   0.0182   0.013800   0.018300   0.016100   0.012500   0.013300   0.017000   0.019000   0.017000   0.015000   0.016000
 0.0259   0.0390   0.0348   0.0283   0.0275   0.024500   0.037800   0.032800   0.027100   0.026800   0.027000   0.030000   0.036000   0.041000   0.068000
 0.0578       NA       NA   0.0545   0.0774   0.053000   0.049700      NA      0.048200   0.065700      NA         NA      0.000000   0.000000   0.024000
 0.0261   0.0283   0.0366   0.0197   0.0229   0.024100   0.026400   0.034100   0.018400   0.021700   0.014000   0.017000   0.022000   0.022000   0.033000
 0.0230   0.0320   0.0418   0.0451   0.0531   0.018000   0.029800   0.039600   0.042800   0.050300   0.019000   0.020000   0.018000   0.019000   0.030000
     NA       NA       NA       NA       NA      NA         NA         NA         NA         NA         NA         NA         NA         NA         NA
     NA       NA       NA   0.0270   0.0267      NA         NA         NA      0.022100   0.023700      NA         NA         NA         NA         NA
 0.0063   0.0127   0.0182   0.0133   0.0163   0.004000   0.006300   0.012300   0.009100   0.012000   0.003000   0.003000   0.006000   0.012000   0.014000
     NA       NA       NA       NA       NA      NA         NA         NA         NA         NA      0.062000   0.059000   0.053000   0.036000   0.035000
     NA       NA       NA       NA       NA      NA         NA         NA         NA         NA         NA         NA         NA         NA         NA
 0.0194   0.0227   0.0245   0.0249   0.0276   0.016800   0.021000   0.021600   0.022600   0.024600   0.004000   0.006000   0.005000   0.005000   0.008000
 0.0243   0.0250   0.0244   0.0305   0.0301   0.021000   0.022400   0.026300   0.027400   0.030000   0.028000   0.032000   0.032000   0.034000   0.033000
 0.0250       NA   0.0242   0.0199   0.0181   0.017400   0.020000   0.018200   0.013800   0.012600   0.042000   0.024000   0.029000   0.036000   0.038000
 0.0261   0.0263   0.0307   0.0552   0.0467   0.023000   0.024800   0.025500   0.048900   0.041000   0.040000   0.060000   0.102000   0.124000   0.058000
 0.0512   0.0473   0.0458   0.0357   0.0268   0.040500   0.046500   0.045500   0.031900   0.036300   0.074000   0.093000   0.127000   0.096000   0.255000
     NA   0.0685   0.0683   0.0730   0.0792   0.036800   0.054900   0.055400   0.064000   0.073100   0.064000   0.161000   0.329000   0.280000   0.265000
 0.0413   0.0406   0.0448   0.0559   0.0559   0.031700   0.030600   0.031800   0.039200   0.041300   0.010000   0.009000   0.008000   0.009000   0.009000
 0.0390   0.0340   0.0474   0.0530   0.0667   0.032900   0.028700   0.039900   0.045100   0.052700   0.166000   0.166000   0.169000   0.170000   0.136000
 0.0436   0.0290   0.0414   0.0264   0.0423   0.035200   0.023600   0.026900   0.022700   0.033500   0.051000   0.040000   0.041000   0.056000   0.057000
     NA   0.0289   0.0315   0.0343   0.0456   0.018400   0.028100   0.030100   0.029300   0.042800   0.011000   0.024000   0.045000   0.080000   0.055000
 0.0332   0.0387   0.0430   0.0557   0.0631   0.028100   0.034300   0.038900   0.048700   0.051200   0.020000   0.035000   0.040000   0.049000   0.070000
 0.0052   0.0062   0.0093   0.0155   0.0221   0.004800   0.006200   0.003800   0.014100   0.018700   0.005000   0.005000   0.007000   0.009000   0.011000
     NA       NA   0.0137   0.0202   0.0239      NA         NA      0.008100   0.013600   0.018500      NA         NA      0.176000   0.265000   0.215000
 0.0252   0.0250   0.0177   0.0217   0.0209   0.015400   0.015100   0.012300   0.015800   0.015400   0.026000   0.038000   0.056000   0.057000   0.063000
 0.0262   0.0245   0.0205   0.0182   0.0164   0.023300   0.024100   0.019900   0.015200   0.014500   0.013000   0.012000   0.016000   0.027000   0.022000
 0.0443   0.0437   0.0466   0.0767   0.0622   0.030500   0.034300   0.035100   0.039400   0.042300   0.055000   0.083000   0.068000   0.170000   0.178000
 0.0382   0.0413   0.0278   0.0264   0.0345   0.033400   0.037000   0.026200   0.023700   0.025900   0.003000   0.033000   0.053000   0.060000   0.050000
 0.0401   0.0365   0.0349   0.0249   0.0295   0.038200   0.034400   0.032900   0.023600   0.025700   0.010000   0.008000   0.010000   0.010000   0.015000
 0.0340   0.0309   0.0361   0.0520   0.0570   0.030400   0.029000   0.035200   0.025300   0.031100   0.075000   0.082000   0.114000   0.157000   0.159000
 0.0273   0.0288   0.0336   0.0359   0.0433   0.014200   0.023300   0.025700   0.026000   0.031200   0.100000   0.105000   0.083000   0.070000   0.067000
 0.0209   0.0258   0.0305   0.0347   0.0373   0.018100   0.019800   0.022300   0.023800   0.028300   0.025000   0.025000   0.032000   0.039000   0.050000
     NA       NA   0.0089   0.0150   0.0152      NA         NA      0.007100   0.012000   0.013500      NA         NA         NA      0.038000   0.066000
     NA       NA   0.0109   0.0170   0.0732      NA         NA      0.008200   0.013600   0.059400      NA      0.026000   0.038000   0.103000   0.193000
 0.0299   0.0423   0.0492   0.0561   0.0579   0.024800   0.032600   0.038400   0.045500   0.051200   0.012000   0.012000   0.010000   0.012000   0.012000
 0.0507   0.0480   0.0508   0.0618   0.0594   0.046300   0.043500   0.045400   0.058100   0.057600   0.035000   0.031000   0.028000   0.032000   0.033000
 0.0130   0.0200   0.0447   0.0376   0.0379   0.011800   0.018100   0.040500   0.033800   0.036100   0.024000   0.017000   0.014000   0.022000   0.017000
 0.0440   0.0615   0.0729   0.0682   0.0668   0.033900   0.048000   0.058600   0.059700   0.059300   0.028000   0.027000   0.023000   0.024000   0.024000
 0.0551   0.0601   0.0579   0.0602   0.0547   0.044600   0.051200   0.051400   0.053700   0.050700   0.019000   0.016000   0.014000   0.016000   0.020000
 0.0289   0.0397   0.0442   0.0498   0.0557   0.023100   0.027900   0.030400   0.032300   0.052100   0.059000   0.048000   0.039000   0.039000   0.041000
 0.0297   0.0350   0.0426   0.0477   0.0464   0.021100   0.026500   0.032000   0.040300   0.041200   0.045000   0.040000   0.034000   0.034000   0.034000
 0.0164   0.0199   0.0180   0.0217   0.0259   0.013700   0.018100   0.015800   0.020800   0.024900   0.041000   0.042000   0.045000   0.065000   0.066000
     NA       NA       NA       NA       NA      NA         NA         NA         NA         NA         NA         NA         NA         NA         NA
 0.0287   0.0347   0.0417   0.0385   0.0345   0.020900   0.026200   0.026400   0.028000   0.025100      NA         NA      0.000000   0.000000   0.000000
 0.0341   0.0453   0.0499   0.0601   0.0631   0.028600   0.037800   0.042100   0.051800   0.055800   0.014000   0.013000   0.015000   0.017000   0.018000
 0.0365   0.0388   0.0392   0.0408   0.0328   0.030300   0.029800   0.036300   0.035900   0.019500   0.032000   0.031000   0.029000   0.025000   0.022000
 0.0423   0.0460   0.0459   0.0650   0.0770   0.024000   0.034600   0.033500   0.054700   0.072900   0.012000   0.012000   0.008000   0.010000   0.011000
 0.0466   0.0580   0.0592   0.0398   0.0355   0.036100   0.045800   0.055500   0.039200   0.035300      NA         NA      0.013000   0.014000   0.009000
 0.0531   0.0640   0.0748   0.0807   0.0751   0.041200   0.050200   0.059900   0.068200   0.065600   0.044000   0.038000   0.034000   0.033000   0.032000
 0.0461   0.0586   0.0671   0.0742   0.0672   0.034900   0.044200   0.053200   0.060700   0.057700   0.034000   0.036000   0.033000   0.031000   0.029000
     NA       NA       NA       NA       NA      NA         NA         NA         NA         NA         NA         NA         NA         NA         NA
 0.0165   0.0143   0.0194   0.0394   0.0438   0.013800   0.012000   0.017500   0.035400   0.038000   0.062000   0.068000   0.069000   0.040000   0.034000
 0.0117   0.0150   0.0196   0.0212   0.0277   0.009700   0.010800   0.014600   0.018500   0.028000   0.020000   0.020000   0.016000   0.021000   0.032000
 0.0499   0.0689   0.0723   0.0797   0.0843   0.041200   0.054700   0.068700   0.071400   0.072700   0.041000   0.039000   0.036000   0.032000   0.028000
 0.0342   0.0406   0.0448   0.0532   0.0521   0.029700   0.033300   0.034500   0.045200   0.046800   0.027000   0.025000   0.021000   0.020000   0.018000
 0.0264   0.0362   0.0406   0.0453   0.0288   0.026800   0.026800   0.033000   0.038300   0.024100   0.050000   0.046000   0.042000   0.057000   0.051000
 0.0451   0.0520   0.0514   0.0601   0.0537   0.034500   0.040100   0.040400   0.055000   0.051100   0.063000   0.055000   0.050000   0.048000   0.051000
     NA   0.0428   0.0504   0.0530   0.0398      NA      0.038900   0.045500   0.045900   0.034900   0.067000   0.053000   0.048000   0.051000   0.042000
 0.0280   0.0375   0.0497   0.0618   0.0594   0.021700   0.028800   0.040700   0.053500   0.044500   0.028000   0.037000   0.032000   0.026000   0.027000
 0.0147       NA   0.0423   0.0509   0.0600   0.012800      NA      0.039900   0.047400   0.058400      NA      0.002000   0.002000   0.004000   0.004000
 0.0332   0.0405   0.0514   0.0565   0.0521   0.025600   0.032000   0.042000   0.047300   0.046800   0.019000   0.021000   0.018000   0.018000   0.020000
 0.0303   0.0452   0.0556   0.0610       NA   0.023300   0.039100   0.046800   0.058300   0.085600   0.014000   0.018000   0.012000   0.012000   0.015000
     NA       NA       NA       NA       NA      NA         NA         NA         NA         NA         NA         NA         NA         NA         NA
     NA       NA       NA       NA       NA      NA         NA         NA         NA         NA         NA         NA         NA         NA         NA
     NA       NA       NA       NA       NA      NA         NA         NA         NA         NA         NA         NA         NA         NA         NA
     NA       NA       NA       NA       NA      NA         NA         NA         NA         NA         NA         NA         NA         NA         NA

