0.1680  0.1542  0.1443  0.1320  0.1454       NA         NA         NA
    NA      NA      NA      NA      NA       NA         NA         NA
0.1248  0.1083  0.1187  0.1039  0.1067       NA      0.128852      NA
0.1701  0.2479  0.1667  0.2181  0.2655    0.197715   0.247022   0.296257
0.1368  0.0959  0.1388  0.1987  0.1991    0.099017   0.121502   0.139142
0.0368  0.0748  0.1149  0.1159  0.1403       NA         NA      0.114679
0.1226  0.1369  0.1179  0.1008  0.0885       NA      0.114076   0.117010
    NA      NA      NA      NA      NA       NA         NA         NA
0.2015  0.2161  0.1997  0.1454  0.1541       NA         NA      0.184852
0.1854  0.2218  0.2794  0.2588  0.2840    0.133135   0.123866      NA
    NA      NA      NA      NA      NA       NA         NA         NA
    NA      NA      NA      NA      NA    0.205132      NA         NA
0.1818  0.2125  0.2527  0.2137  0.1755       NA      0.390973   0.413149
0.0852  0.1059  0.1035  0.1466  0.1656    0.115855   0.173064   0.219891
0.1062  0.1298  0.1442  0.1250  0.1553       NA         NA      0.188558
0.1550  0.1521  0.1379  0.1707  0.2121    0.120944   0.151340   0.210638
0.1086  0.1469  0.1231  0.1189  0.0844    0.139847   0.141597   0.088622
    NA      NA      NA      NA      NA       NA         NA         NA
    NA      NA  0.2282  0.2193  0.2741       NA         NA      0.228184
0.1059  0.1116  0.1538  0.1621  0.1686       NA         NA      0.222396
0.1198  0.1487  0.1707  0.1841  0.1896    0.150142   0.175172   0.216913
0.1783  0.1403  0.1499  0.1902  0.2957    0.175632   0.249051   0.358008
0.1078  0.1228  0.1142  0.1299  0.1869    0.136937   0.136580   0.218586
0.2241  0.2198  0.1833  0.1611  0.1506    0.154593      NA         NA
0.1759  0.1663  0.1454  0.1563  0.1734    0.162723   0.154663   0.203039
    NA  0.1033  0.1032  0.0949  0.1035       NA      0.122324   0.125239
0.2419  0.1593  0.1680  0.3039  0.2010       NA      0.315445      NA
0.1147  0.1356  0.1206  0.1273  0.1360    0.131606   0.206219   0.240811
0.1250  0.1227  0.1208  0.2023  0.2024    0.178594   0.211333   0.253402
    NA      NA      NA      NA  0.2044       NA         NA         NA
0.0813  0.0773  0.0857  0.1221  0.1089       NA      0.089304   0.094181
0.0437  0.0586  0.0637  0.0991  0.1077    0.062450   0.089810      NA
0.1050  0.1129  0.1053  0.1590  0.1344    0.113196   0.082664   0.092601
0.1712  0.1677  0.1517  0.1688  0.2096    0.158630   0.167265   0.207024
    NA      NA      NA      NA      NA    0.229795   0.237703      NA
0.0849  0.0854  0.1013  0.0989  0.0796    0.134366   0.169401   0.161966
0.0839  0.0937  0.1693  0.1848  0.1234    0.142011   0.131309      NA
0.1006  0.1112  0.1220  0.1439  0.1569    0.175963   0.203980   0.224647
0.0931  0.1854  0.1851  0.1242  0.1540    0.160221   0.146883   0.145552
0.2117  0.1817  0.1920  0.1938  0.2567    0.147523   0.165384   0.221697
0.0951  0.1099  0.1333  0.1645  0.1301    0.160484   0.199173   0.181251
0.0772  0.0700  0.1169  0.1521  0.1481       NA      0.180915   0.249761
0.1589  0.1659  0.1509  0.1550  0.1583    0.186714   0.217406   0.251700
0.0940  0.1041      NA      NA  0.0393       NA      0.088474   0.076257
0.0984  0.1080  0.1283  0.1049  0.1223    0.147284   0.145631   0.141549
0.1326  0.1440  0.2061  0.2559  0.2615    0.233165   0.292622   0.306794
0.1250  0.1242  0.1154  0.1661  0.1899       NA      0.279492   0.322799
    NA      NA      NA  0.1446  0.1325    0.153950   0.184931   0.177826
0.0742  0.1221  0.1322  0.1678  0.1681    0.235700   0.242272   0.253089
0.1442  0.1582  0.1831  0.1941  0.2008    0.189335   0.199687   0.227073
0.1165  0.1253  0.1381  0.1640  0.1562    0.152829   0.177716   0.197599
    NA      NA      NA      NA      NA       NA      0.275657      NA
0.1473  0.1462  0.1022  0.0575  0.0912    0.108587   0.100831   0.113908
0.0971  0.0928  0.1058  0.1211  0.1549    0.092187   0.095966   0.134526
    NA      NA      NA      NA      NA    0.290855   0.299961      NA
0.0713  0.0753  0.0709  0.0687  0.0777    0.068997   0.073523   0.094502
    NA  0.0900  0.0896  0.0893  0.1081    0.120566   0.147162   0.162230
0.1104  0.1030  0.1147  0.1223  0.1402    0.107309   0.105866      NA
0.0774  0.0896  0.1440  0.1985  0.1993       NA      0.258360      NA
0.0615  0.0667  0.0751  0.0977  0.0984    0.085476   0.108278   0.172753
0.0796  0.0874  0.0891  0.1164  0.2641    0.097580   0.137476   0.364848
0.1119  0.1222  0.1677  0.1976  0.2120    0.220640   0.254308   0.299299
    NA      NA      NA      NA      NA       NA      0.253423   0.289851
    NA      NA      NA      NA      NA       NA      0.239504   0.294224
0.1110  0.1204  0.1411  0.1293  0.1551       NA      0.164839   0.189039
0.1985  0.2079  0.2080  0.1984  0.1995    0.183597   0.196246   0.224299
0.0998  0.0989  0.1114  0.1109  0.1239    0.154465   0.138289   0.176314
0.0682  0.0891  0.0977  0.1218  0.1574    0.091698   0.108013   0.156502
0.1251  0.1111  0.1066  0.0999  0.0927    0.150093   0.167297   0.193917
0.0987  0.1110  0.1461  0.1456  0.1387    0.279919   0.268795   0.286542
0.0810  0.0822  0.0957  0.0852  0.1066    0.068093   0.082906   0.112741
0.1099  0.0907  0.1084  0.1398  0.1349       NA         NA      0.120280
0.1221  0.1539  0.1925  0.2463  0.2687    0.290239   0.320382      NA
0.0712  0.0795  0.0750  0.0622  0.0659    0.092229   0.083148   0.083926
0.0890  0.1011  0.1244  0.1168  0.1176    0.117308   0.119017   0.121596
    NA      NA      NA  0.2245  0.2526    0.271458   0.263060   0.399656
0.1205  0.1396  0.1463  0.1280  0.1367    0.220910   0.208728   0.230674
0.1039  0.1069  0.1110  0.1174  0.1189    0.126611   0.134023   0.168968
    NA      NA      NA      NA      NA       NA         NA         NA
    NA      NA      NA      NA  0.1381       NA      0.143515   0.168405
0.0683  0.1169  0.0740  0.0478  0.0633       NA         NA         NA
    NA      NA      NA      NA      NA       NA         NA         NA
0.1574  0.1561  0.1555  0.1580  0.1517       NA         NA         NA
0.0774  0.0789  0.0703  0.0689  0.0746       NA         NA         NA
0.0828  0.0912  0.0942  0.0997  0.1004    0.094015   0.116872   0.120266
0.0799  0.0665  0.0830  0.0967  0.1090    0.098807   0.110121   0.113762
0.0991  0.1379  0.1953  0.2086  0.1762       NA         NA         NA
0.1780  0.1971  0.2080  0.1679  0.2245       NA         NA         NA
0.1911  0.2579  0.3416  0.3486  0.3692    0.507903   0.623604   0.748890
0.0780  0.0772  0.0818  0.0979  0.0988    0.094854   0.128999   0.151601
0.2446  0.2986  0.3523  0.3280  0.2473    0.410837   0.385847   0.319207
0.1237  0.1013  0.0948  0.1050  0.1111    0.118110   0.129352   0.150148
0.1305  0.1461  0.1208  0.1248  0.1741    0.209880   0.217432   0.282358
0.1260  0.1514  0.1665  0.1599  0.1698    0.192548   0.202184   0.226581
    NA      NA      NA  0.0765  0.0832       NA         NA         NA
    NA  0.0477  0.2702  0.2870  0.2576    0.347617   0.398902   0.339920
0.1071  0.1088  0.1079  0.1075  0.1102    0.135895   0.138109   0.157416
0.0839  0.0887  0.0874  0.0922  0.0778    0.107181   0.112267   0.087238
0.1638  0.1863  0.1490  0.1971  0.2462       NA         NA         NA
0.0921  0.1055  0.1156  0.1054  0.1038    0.131594   0.156876   0.174265
0.1268  0.1250  0.1187  0.0931  0.0803    0.195856   0.211164   0.197468
0.1324  0.1560  0.1834  0.2047  0.2203    0.204294   0.240644   0.281145
0.1882  0.1772  0.1608  0.1531  0.1625       NA         NA         NA
0.0969  0.0987  0.1055  0.1100  0.1297    0.110926   0.120944   0.154356
    NA      NA  0.1004  0.1095  0.1695    0.023664   0.063659   0.140180
    NA      NA  0.1194  0.1520  0.2199    0.113277   0.142240   0.249824
0.1296  0.1426  0.1497  0.1766  0.1852    0.266475   0.326868   0.353691
0.1271  0.1357  0.1452  0.1730  0.1835    0.342593   0.429967   0.497409
0.1376  0.1287  0.1002  0.1473  0.1450       NA      0.233851   0.244049
0.1478  0.1770  0.2139  0.2440  0.2715    0.300382   0.322214   0.400555
0.1262  0.1451  0.1497  0.1795  0.1885    0.199288   0.249766   0.262336
0.1567  0.1561  0.1537  0.1744  0.1935    0.305373   0.350819   0.404432
0.1441  0.1558  0.1733  0.1978  0.2022    0.224229   0.270849   0.291373
0.1147  0.1241  0.1251  0.1566  0.1818    0.215403   0.265707   0.389065
    NA      NA      NA      NA      NA       NA         NA      0.479903
0.1235  0.1397  0.1537  0.1708  0.1754    0.227321   0.222825   0.229041
0.1391  0.1479  0.1664  0.1854  0.1929    0.303231   0.374476   0.464432
0.1214  0.1331  0.1378  0.1407  0.1604    0.254281   0.302614   0.371383
0.1434  0.1536  0.1418  0.1612  0.1682    0.275565   0.397517   0.433589
0.1717  0.1703  0.1977  0.1713  0.1746    0.384203   0.346827   0.313118
0.1384  0.1504  0.1577  0.1755  0.1746    0.390156   0.458043   0.518088
0.1370  0.1596  0.1785  0.1985  0.1906    0.327687   0.363775   0.366269
    NA      NA      NA      NA  0.0899       NA         NA         NA
0.1189  0.1267  0.1353  0.1407  0.1448       NA      0.299910      NA
0.0785  0.0854  0.0924  0.1106  0.1335    0.164158   0.206099   0.258829
0.1661  0.1953  0.2272  0.2668  0.2897    0.248022   0.325050   0.413133
0.1005  0.1056  0.1062  0.1159  0.1152    0.129078   0.185863   0.189354
0.1137  0.1232  0.1241  0.1311  0.1068    0.156252   0.181796   0.178758
0.1638  0.1698  0.1810  0.2063  0.2164    0.296661   0.356419   0.385639
0.1888  0.1733  0.1692  0.1753  0.1470       NA      0.095873   0.076463
0.1163  0.1342  0.1435  0.1741  0.1842    0.173820   0.222483   0.242823
0.1305  0.1383  0.1350  0.1489  0.1802    0.182095   0.180658   0.222652
0.1110  0.1310  0.1319  0.1543  0.1587    0.262368   0.337455   0.390163
0.3025  0.3406  0.2954  0.2763  0.2508       NA      0.266701   0.314551
    NA      NA      NA      NA      NA       NA         NA         NA
    NA      NA      NA      NA      NA       NA         NA         NA
    NA      NA      NA      NA      NA       NA         NA         NA
    NA      NA      NA      NA      NA       NA         NA         NA

