 0.1557   0.1447   0.1465   0.1735   0.1925   0.131860   0.125000   0.120580   0.133980   0.163280   0.172660  0.09606  0.07843  0.08737  0.10880  0.12969 0.07216  0.05910  0.06118  0.06928  0.10068
 0.1292   0.1514   0.1703   0.2959   0.3104   0.127800   0.153760   0.175940   0.322620   0.327200   0.298580       NA       NA       NA       NA       NA      NA       NA       NA       NA       NA
 0.2495   0.2203   0.2299   0.1692   0.1460   0.294980   0.257520   0.264680   0.213820   0.213380   0.195840  0.20722  0.16742  0.16719  0.11491  0.07536 0.25218  0.20432  0.20218  0.16002  0.14308
 0.2233   0.3004   0.2265   0.2540   0.2734   0.172300   0.220280   0.167800   0.233340   0.263760   0.313940       NA       NA  0.16800  0.16832  0.18920      NA       NA  0.14700  0.14764  0.17956
     NA  0.1458   0.2171   0.2659   0.2582    0.122720   0.084180   0.119280   0.145600   0.156800   0.176020       NA  0.11055  0.18389  0.21110  0.19706 0.08752  0.04928  0.08608  0.09030  0.09570
 0.0672   0.1309   0.2033   0.2147   0.1917   0.046760   0.093580   0.194080   0.178660   0.191200   0.199600  0.03499  0.08723  0.16174  0.16577  0.13323 0.01446  0.05018  0.15278  0.12946  0.13270
 0.2070   0.2189   0.1884   0.1608   0.1593   0.153680   0.169660   0.174840   0.170640   0.154060   0.177120  0.16057  0.17360  0.13981  0.12349  0.11923 0.10758  0.12436  0.12664  0.13384  0.11356
     NA      NA      NA      NA      NA       0.108620   0.122300   0.140380   0.184120   0.177840   0.231520       NA       NA       NA       NA       NA      NA       NA       NA       NA       NA
 0.2664   0.2647   0.2851   0.2867   0.2908   0.325140   0.326160   0.348360   0.253560   0.232260   0.178560  0.23429  0.20936  0.22062  0.22953  0.22832 0.29304  0.27046  0.28386  0.19616  0.17006
 0.2796   0.3385   0.3980   0.3000   0.2987   0.245320   0.305280   0.387440   0.289240   0.236160   0.271920  0.26168  0.28672  0.32819  0.25009       NA 0.22692  0.25348  0.31784  0.23884       NA
     NA      NA      NA      NA      NA       0.161080   0.143280   0.199080   0.258460   0.301780   0.296100       NA       NA       NA       NA       NA      NA       NA       NA       NA       NA
 0.2070   0.2057   0.2602   0.2626   0.1880   0.290440   0.327760   0.340760   0.345420   0.338720   0.348220  0.15089  0.12130  0.16157  0.13813  0.11455 0.23434  0.24376  0.24196  0.22042  0.26482
 0.1683   0.1987   0.2581   0.2530   0.2301   0.260100   0.292680   0.316540   0.338560   0.290560   0.282740  0.06145  0.05791  0.01000  0.01000  0.07136 0.15310  0.15208  0.01664  0.06406  0.13186
 0.1402   0.1460   0.1548   0.1996   0.2096   0.146780   0.152260   0.162160   0.221740   0.243360   0.275050  0.10904  0.10753  0.11709  0.11726  0.09363 0.11528  0.11406  0.12406  0.13974  0.12746
 0.1040   0.1041   0.1063   0.1451   0.1306   0.080900   0.087960   0.089800   0.094620   0.148660   0.149380  0.07161  0.05901  0.06486  0.10567  0.08701 0.04850  0.04266  0.04820  0.05492  0.10466
 0.3079   0.2260   0.2532   0.2592   0.3296   0.165080   0.114720   0.125440   0.114740   0.238400   0.251440       NA       NA  0.22963  0.23409  0.29220      NA       NA  0.10194  0.08954  0.20070
 0.0842   0.1284   0.1157   0.1827   0.2175   0.095420   0.144480   0.139940   0.181060   0.210880   0.166080  0.03983  0.06263  0.06165  0.13936  0.19913 0.05142  0.07868  0.08584  0.13776  0.19268
 0.1390   0.1724   0.1810   0.1972   0.2262   0.122720   0.152840   0.163340   0.174460   0.202320   0.190720       NA       NA       NA       NA       NA      NA       NA       NA       NA       NA
     NA      NA      NA      NA      NA       0.149960   0.197500   0.224780   0.232020   0.258420   0.240460       NA       NA       NA       NA       NA      NA       NA       NA       NA  0.16462
 0.1428   0.1753   0.2196   0.2547   0.2710   0.097980   0.120080   0.152280   0.189100   0.214180   0.164040  0.09747  0.11337  0.14795  0.18018       NA 0.05258  0.05778  0.08038  0.11490       NA
 0.1691   0.2170   0.2338   0.2639   0.2549   0.137220   0.178740   0.202220   0.235360   0.234160   0.218800  0.12997  0.16464  0.17516  0.17886  0.16394 0.09812  0.12674  0.14352  0.15076  0.14316
 0.1432   0.1784   0.2137   0.2538   0.3145   0.069660   0.085860   0.108260   0.120000   0.228620   0.241840       NA       NA  0.17098       NA  0.21881      NA       NA  0.06556       NA  0.13312
 0.2684   0.2379   0.2207   0.2419   0.2983   0.183740   0.185500   0.180820   0.166840   0.247940   0.253800  0.24507  0.21056  0.19484  0.19761  0.21022 0.16034  0.15830  0.15472  0.12274  0.15944
 0.1929   0.1940   0.1782   0.1755   0.1697   0.125420   0.128480   0.130840   0.136920   0.162180   0.169920  0.15977  0.12234  0.12778  0.10975  0.10654 0.09182  0.05718  0.08064  0.07072  0.09938
 0.2776   0.2745   0.2622   0.2346   0.2619   0.183540   0.177300   0.161800   0.182060   0.221000   0.270960  0.26077  0.25245  0.22735  0.18683  0.21043 0.16674  0.15490  0.12650  0.13456  0.16990
 0.2738   0.3015   0.3230   0.2968   0.2568   0.181960   0.199980   0.216160   0.169280   0.174980   0.175660       NA  0.20843  0.23435       NA  0.16646      NA  0.10698  0.12796       NA  0.08418
 0.1294   0.1503   0.1434   0.1624   0.1701   0.291280   0.210700   0.263520   0.444220   0.256660   0.206940  0.08584  0.12131  0.09670  0.01000  0.03396 0.24768  0.18130  0.21642  0.27642  0.12096
 0.1265   0.1144   0.1417   0.2518   0.2588   0.102060   0.119980   0.144700   0.150300   0.163880   0.143420  0.10072  0.08522  0.09803  0.20308  0.21285 0.07606  0.09118  0.10080  0.10190  0.11828
 0.2979   0.1950   0.2462   0.3973   0.3205   0.112060   0.101120   0.124320   0.196780   0.203780   0.229440  0.24020  0.13662  0.18092  0.30039  0.21026 0.05456  0.04312  0.05902  0.09968  0.09358
 0.1789   0.1946   0.2225   0.2014   0.2099   0.228620   0.246440   0.284440   0.258760   0.335160   0.297120       NA       NA       NA       NA       NA      NA       NA       NA       NA       NA
 0.2167   0.1795   0.1720   0.1668   0.1592   0.213560   0.177020   0.166880   0.199180   0.165880   0.187700  0.20134  0.16097  0.15250  0.13709  0.13049 0.19866  0.15872  0.14738  0.16948  0.13758
 0.0507   0.0768   0.1002   0.1663   0.1432   0.111740   0.151440   0.183380   0.237300   0.239140   0.205520  0.03106  0.03259  0.03845  0.10103  0.10319 0.09214  0.10724  0.12198  0.17240  0.19934
 0.0988   0.1171   0.1266   0.1985   0.1788   0.180460   0.187660   0.166060   0.228640   0.192080   0.226540  0.04754  0.06778  0.07796  0.15702  0.12953 0.12886  0.13866  0.11786  0.18754  0.14258
 0.2902   0.2608   0.2402   0.2590   0.2951   0.263820   0.220000   0.179920   0.199460   0.221760   0.228100  0.26022  0.22132  0.18831  0.19401  0.22307 0.23412  0.18070  0.12762  0.13466  0.14936
     NA      NA      NA      NA      NA       0.188960   0.160240   0.179820   0.301260   0.353200   0.349460       NA       NA       NA       NA       NA      NA       NA       NA       NA       NA
 0.1813   0.1498   0.1962   0.1873   0.1291   0.326350   0.291360   0.339460   0.341400   0.303280   0.296860  0.14986  0.11531  0.15600  0.14766  0.08443 0.29495  0.25666  0.29886  0.30180  0.25908
 0.1947   0.2167   0.2897   0.3346   0.3350   0.072160   0.081000   0.170820   0.207840   0.167140   0.223360       NA       NA  0.24372  0.27906       NA      NA       NA  0.12522  0.15244       NA
 0.1179   0.1241   0.1290   0.1513   0.1611   0.140300   0.148920   0.145600   0.169020   0.181100   0.205400       NA  0.09296       NA  0.09000       NA      NA  0.11742       NA  0.11700       NA
 0.1158   0.2162   0.2600   0.2049   0.2283      NA         NA      0.314925   0.239480   0.235100   0.235520  0.07877  0.14808  0.17351  0.13997  0.16814      NA       NA  0.22862  0.17488  0.17510
 0.1912   0.1422   0.1338   0.2079   0.3167   0.305720   0.249120   0.233540   0.217660   0.227620   0.232140       NA       NA  0.09946  0.15933  0.24867      NA       NA  0.19924  0.16906  0.15982
 0.2791   0.2634   0.3376   0.3659   0.2816   0.236080   0.229720   0.277760   0.308740   0.303640   0.367600  0.23396  0.20913  0.26957  0.25634  0.20769 0.19058  0.17542  0.20956  0.19924  0.22954
 0.1630   0.1219   0.1432   0.2146   0.1897   0.217840   0.162900   0.186380   0.258180   0.226380   0.226620  0.13567  0.09205  0.09956  0.13001  0.11136 0.19054  0.13310  0.14318  0.17358  0.14808
 0.1560   0.1670   0.1548   0.1691   0.1771   0.156520   0.171500   0.159860   0.165640   0.168540   0.172040  0.09999  0.11050  0.08933  0.09572  0.08942 0.10062  0.11520  0.09426  0.09224  0.08104
 0.1674   0.1779   0.1825   0.2025   0.2142   0.192520   0.199300   0.212800   0.246600   0.195080   0.184280  0.14490  0.13692  0.12061  0.15467  0.17162 0.17052  0.15880  0.15130  0.19910  0.15258
 0.1177   0.1566   0.1536   0.1605   0.2052   0.182940   0.223460   0.215060   0.188160   0.175840   0.158540  0.06667  0.09250  0.08454  0.09284  0.15285 0.13194  0.15976  0.14586  0.12076  0.12394
 0.1887   0.3069   0.3859   0.3540   0.3585   0.191240   0.271080   0.349400   0.356980   0.366660   0.285440  0.15752  0.26442  0.31046  0.23523  0.28014 0.16034  0.22898  0.27370  0.23858  0.28876
 0.1839   0.1524   0.1250   0.1639   0.2004   0.087040   0.080180   0.085320   0.133020   0.197600   0.256320  0.15263  0.10012  0.06105  0.06681  0.07023 0.05574  0.02768  0.02152  0.03602  0.06760
     NA      NA      NA      NA      NA          NA         NA         NA      0.070333   0.064780   0.061467       NA       NA       NA       NA       NA      NA       NA       NA       NA       NA
 0.1170   0.1269   0.1420   0.1697   0.1551   0.080680   0.088560   0.100020   0.121840   0.108320   0.104540       NA       NA  0.08291  0.11165  0.09444      NA       NA  0.04072  0.06404  0.04762
 0.1367   0.1363   0.1422   0.1353   0.1273   0.118040   0.117760   0.122500   0.120000   0.116800   0.107040  0.06000  0.05318  0.05455  0.04775  0.04073 0.04154  0.03506  0.03490  0.03230  0.03060
 0.2018   0.2008   0.2089   0.2217   0.2289   0.179340   0.177880   0.185420   0.195840   0.198800   0.180160  0.15616  0.13866  0.15542  0.15978  0.16981 0.13334  0.11568  0.13222  0.13374  0.14010
     NA      NA      NA      NA      NA          NA         NA         NA         NA         NA      0.236600       NA       NA       NA       NA       NA      NA       NA       NA       NA       NA
 0.1706   0.1636   0.1000   0.0704   0.0918   0.160920   0.151800   0.093100   0.068060   0.105140   0.105020  0.11262  0.10768  0.05690  0.03599  0.05767 0.10322  0.09630  0.04980  0.03346  0.07054
 0.1690   0.1566   0.1795   0.1987   0.2423   0.151280   0.141460   0.160020   0.175740   0.220820   0.245200  0.13427  0.11678  0.13836  0.14941  0.16834 0.11688  0.10206  0.11862  0.12664  0.14732
     NA      NA      NA      NA      NA          NA         NA         NA         NA      0.146200   0.141200       NA       NA       NA       NA       NA      NA       NA       NA       NA       NA
 0.0734   0.0713   0.0706   0.0743   0.0843   0.077580   0.075080   0.074440   0.077200   0.092620   0.101260  0.04899  0.04327  0.04500  0.04474  0.04458 0.05298  0.04738  0.04864  0.04800  0.05312
 0.1396   0.1564   0.1613   0.1370   0.1564   0.141200   0.157640   0.164200   0.140580   0.163920   0.159000  0.09971  0.12325  0.13966  0.11401  0.13213 0.10090  0.12464  0.14300  0.11718  0.13942
 0.1277   0.1178   0.1364   0.1617   0.1812   0.132380   0.124540   0.144760   0.154960   0.164840   0.186880  0.09002  0.07709  0.09155  0.11280  0.11126 0.09428  0.08384  0.09996  0.10646  0.09454
 0.0926   0.0958   0.1461   0.2312   0.2665   0.057060   0.059420   0.092720   0.133600   0.148280   0.141740  0.06876  0.06145  0.09870  0.17093  0.18977 0.03296  0.02492  0.04532  0.07360  0.07118
 0.0675   0.0717   0.0789   0.0883   0.0936   0.056820   0.060380   0.066700   0.074940   0.082040   0.089560  0.04710  0.04509  0.05173  0.05962  0.06152 0.03642  0.03378  0.03960  0.04664  0.05014
 0.1137   0.0932   0.0968   0.1389   0.3102   0.078180   0.063860   0.066080   0.095760   0.247460   0.395233  0.07942  0.05700  0.06064  0.09189  0.19057 0.04368  0.02766  0.03018  0.04876  0.12816
 0.2271   0.2227   0.2395   0.2712   0.2772   0.203500   0.200260   0.216580   0.246660   0.246320   0.252040  0.18594  0.17965  0.18007  0.20942  0.21922 0.16200  0.15736  0.15718  0.18446  0.18832
     NA      NA      NA      NA      NA          NA         NA         NA         NA         NA      0.119200       NA       NA       NA       NA       NA      NA       NA       NA       NA       NA
     NA      NA      NA      NA      NA          NA         NA         NA         NA         NA      0.218200       NA       NA       NA       NA       NA      NA       NA       NA       NA       NA
 0.0363   0.0374   0.0569   0.0931   0.1347   0.043680   0.049760   0.066520   0.077720   0.089160   0.111400  0.01241  0.00407  0.02112  0.05016  0.06831 0.01928  0.01646  0.03092  0.03472  0.02326
 0.1842   0.1825   0.1636   0.1492   0.1450   0.141280   0.139060   0.128140   0.118340   0.117720   0.118240  0.05831  0.04945  0.03948  0.03796  0.02603 0.01498  0.00566  0.00444  0.00694  0.01000
 0.0984   0.0838   0.0756   0.0876   0.1111   0.123460   0.105560   0.094820   0.102060   0.107340   0.098060  0.05517  0.04205  0.03655  0.02130  0.03090 0.08016  0.06376  0.05542  0.03546  0.02734
 0.1386   0.1583   0.1828   0.2059   0.2063   0.136080   0.153680   0.177320   0.208080   0.199320   0.154420  0.10658  0.11158  0.13084  0.13912  0.13955 0.10428  0.10718  0.12542  0.14078  0.13302
 0.1908   0.1591   0.1470   0.1211   0.0972   0.125180   0.111340   0.098140   0.091780   0.083220   0.111760  0.16935  0.12044  0.10632  0.09279  0.06796 0.10408  0.07224  0.05704  0.06328  0.05372
 0.1689   0.1726   0.1966   0.2216   0.1834   0.177240   0.179860   0.199000   0.236080   0.198740   0.180500  0.11969  0.12127  0.12325  0.14385  0.05745 0.12804  0.12856  0.12530  0.15858  0.07324
 0.1104   0.1112   0.1177   0.1022   0.1106   0.087860   0.088380   0.098740   0.094940   0.109580   0.113940  0.07023  0.07659  0.08913  0.07070  0.06540 0.04786  0.05398  0.07024  0.06344  0.06418
 0.1540   0.1574   0.1250   0.1672   0.1714   0.149200   0.152040   0.122960   0.162380   0.165020   0.142160  0.11790  0.11086  0.07408  0.11249  0.11605 0.11270  0.10504  0.07206  0.10728  0.10982
 0.1603   0.1877   0.2419   0.3202   0.4528   0.211380   0.247900   0.307600   0.396480   0.327660   0.313420  0.09825  0.14319  0.18617  0.22586  0.30614 0.14938  0.20380  0.25200  0.30238  0.18076
 0.1203   0.1327   0.1261   0.1081   0.1229   0.124920   0.137400   0.130280   0.114100   0.109800   0.092760  0.08920  0.09517  0.09266  0.08079  0.09383 0.09412  0.10010  0.09718  0.08660  0.08050
 0.1336   0.1400   0.1429   0.1700   0.1709   0.126700   0.130920   0.131400   0.144860   0.149620   0.137300  0.08204  0.07192  0.07451  0.10146  0.07563 0.07520  0.06312  0.06260  0.07676  0.05482
 0.3287   0.3285   0.2985   0.2475   0.2229   0.195080   0.206840   0.231760   0.217680   0.197840   0.270020       NA       NA       NA  0.19935  0.13327      NA       NA       NA  0.16948  0.10814
 0.1338   0.1594   0.1763   0.1663   0.1601   0.083440   0.102860   0.121000   0.128260   0.146280   0.161880  0.09596  0.11629  0.12001  0.12572  0.10522 0.04534  0.05946  0.06490  0.08786  0.09158
 0.0649   0.0663   0.0911   0.1505   0.1505   0.071960   0.073560   0.093080   0.107820   0.122960   0.125760  0.02788  0.01656  0.03393  0.08870  0.07039 0.03496  0.02376  0.03548  0.04602  0.04266
 0.0716   0.0739   0.0853   0.1120   0.1117      NA         NA         NA         NA         NA         NA          NA       NA       NA       NA       NA      NA       NA       NA       NA       NA
     NA      NA  0.0897   0.1189   0.1720        NA         NA         NA         NA         NA      0.187500       NA       NA       NA       NA       NA      NA       NA       NA       NA       NA
 0.0611   0.1017   0.0820   0.0850   0.0953   0.228600   0.345560   0.290920   0.293740   0.306020   0.372320  0.05359  0.09268  0.06370  0.06407  0.06936 0.22160  0.33626  0.27262  0.27264  0.28002
 0.2029   0.2047   0.2029   0.1893   0.1839   0.206160   0.205560   0.203700   0.200320   0.197880   0.194100       NA       NA       NA       NA       NA      NA       NA       NA       NA       NA
     NA      NA      NA      NA      NA          NA      0.312950   0.299800   0.298880   0.314020   0.315720       NA       NA       NA       NA       NA      NA       NA       NA       NA       NA
 0.0268   0.0494   0.0464   0.0464   0.0475   0.034220   0.064880   0.060280   0.059460   0.059580   0.054060  0.00565  0.02221  0.02022  0.01874  0.01491 0.01342  0.03788  0.03368  0.03186  0.02698
 0.2534   0.1758   0.1876   0.2079   0.2272   0.204660   0.142700   0.147980   0.150960   0.163480   0.185300  0.20486  0.12098  0.12953  0.14626  0.16442 0.15566  0.08830  0.08968  0.08956  0.10048
 0.0355   0.1122   0.1016   0.1099   0.1326   0.111600   0.092840   0.098320   0.119240   0.134620   0.130480  0.01000  0.06796  0.05456  0.05985  0.08157 0.05220  0.04884  0.05112  0.06944  0.08402
 0.0553   0.0730   0.1052   0.1802   0.2329   0.051800   0.070380   0.103080   0.161440   0.149940   0.105540  0.01000  0.01000  0.01000  0.00778  0.13354 0.01000  0.01000  0.01000  0.01000  0.05094
 0.1532   0.1684   0.1745   0.2001   0.2795   0.175020   0.191840   0.200080   0.227960   0.341140   0.328033  0.03858  0.02932  0.00156  0.07181  0.01000 0.06052  0.05234  0.02758  0.10006  0.04984
 0.2615   0.3265   0.4133   0.3996   0.3384   0.218880   0.277880   0.349080   0.339740   0.329080   0.292300  0.16024  0.11057  0.02865  0.05544  0.01000 0.11808  0.06198  0.01000  0.01000  0.01000
 0.1255   0.1069   0.0847   0.0797   0.0723   0.113180   0.095940   0.079320   0.084500   0.083340   0.077140  0.08403  0.06768  0.04449  0.03150  0.02159 0.07148  0.05634  0.03952  0.03630  0.03304
 0.2632   0.2848   0.3266   0.3054   0.2701   0.199220   0.216220   0.279700   0.308800   0.257320   0.266120  0.06445  0.08975  0.11793  0.09014  0.08158 0.00032  0.02152  0.07080  0.09370  0.06862
 0.2038   0.1768   0.1541   0.1373   0.1286   0.137880   0.119400   0.109880   0.100460   0.094980   0.080540  0.11762  0.11302  0.08580  0.05840  0.03805 0.05168  0.05580  0.04198  0.02176  0.00448
 0.0331   0.0385   0.0442   0.0763   0.1083      NA         NA         NA         NA         NA      0.170240  0.00375  0.01000  0.01000  0.01000  0.01070      NA       NA       NA       NA       NA
 0.1409   0.1548   0.1475   0.1537   0.1706   0.124400   0.138500   0.135000   0.145720   0.152620   0.150360  0.09313  0.08572  0.06855  0.05598  0.04976 0.07630  0.06920  0.05610  0.04802  0.03142
 0.0449   0.0469   0.0605   0.1063   0.1190   0.241320   0.249320   0.300900   0.424760   0.474580   0.471100  0.03503  0.03529  0.04995  0.08275  0.08949 0.23152  0.23812  0.29010  0.40166  0.44488
     NA  0.0299   0.1923   0.4659   0.3567       NA         NA         NA         NA         NA      0.253560       NA       NA       NA       NA  0.12285      NA       NA       NA       NA       NA
 0.1918   0.1832   0.1710   0.1466   0.1356   0.162460   0.154220   0.141900   0.141500   0.142820   0.176480  0.15080  0.13036  0.10304  0.07362  0.05683 0.12106  0.10112  0.07360  0.06870  0.06442
 0.1503   0.1464   0.1728   0.1879   0.1746   0.130120   0.125420   0.152920   0.162760   0.145700   0.141620  0.11397  0.11070  0.13686  0.14573  0.13779 0.09382  0.08932  0.11702  0.12056  0.10920
 0.0563   0.0587   0.0598   0.1244   0.2334      NA         NA         NA         NA         NA      0.286240  0.01000  0.01000  0.01000  0.01000  0.01306      NA       NA       NA       NA       NA
 0.0808   0.0952   0.1107   0.0995   0.0895   0.073600   0.083300   0.096640   0.080600   0.077080   0.087420  0.04435  0.02516  0.03151  0.01600  0.01314 0.03720  0.01330  0.01744  0.01000  0.00118
 0.3200   0.3026   0.2809   0.1857   0.1578   0.210220   0.200380   0.196940   0.152520   0.121300   0.158300  0.27217  0.26059  0.23821  0.15213  0.11731 0.16202  0.15798  0.15404  0.11892  0.08060
 0.0820   0.0997   0.1304   0.1675   0.1760   0.087440   0.100180   0.151740   0.155640   0.175000   0.137680  0.01000  0.01000  0.01000  0.01000  0.01000 0.01000  0.01000  0.00254  0.01000  0.01000
 0.2873   0.2573   0.2225   0.2015   0.1984   0.318280   0.284520   0.245520   0.219900   0.213660   0.204080  0.17288  0.12922  0.11362  0.10586  0.10020 0.20408  0.15622  0.13682  0.12390  0.11546
 0.1016   0.1076   0.1170   0.1246   0.1393   0.110680   0.115660   0.119180   0.137320   0.161540   0.153380  0.05862  0.06298  0.06266  0.06197  0.06137 0.06758  0.07086  0.06488  0.07452  0.08324
     NA      NA  0.0479   0.0620   0.1021        NA         NA         NA         NA         NA      0.104800       NA       NA       NA  0.01163  0.02276      NA       NA       NA       NA       NA
     NA  0.1886   0.1824   0.1886   0.2907       NA      0.184900   0.175780   0.179080   0.273720   0.210880       NA       NA  0.13666  0.07205  0.03875      NA       NA  0.12958  0.06248  0.02132
 0.1684   0.1606   0.1489   0.1585   0.1613   0.137600   0.130580   0.120540   0.125180   0.129460   0.125880  0.13139  0.11557  0.10036  0.10100  0.09810 0.10080  0.08598  0.07214  0.06768  0.06626
 0.1299   0.1385   0.1312   0.1358   0.1336   0.104200   0.111380   0.110940   0.118620   0.119940   0.114040  0.04905  0.06428  0.05755  0.04607  0.04341 0.02290  0.03688  0.03754  0.02852  0.02934
 0.2173   0.1422   0.1262   0.1744   0.1705   0.186900   0.121360   0.105360   0.143040   0.129240   0.124660  0.18153  0.10670  0.07182  0.11858  0.11763 0.15110  0.08626  0.05086  0.08724  0.07614
 0.1643   0.1737   0.1949   0.2176   0.2449   0.139920   0.146800   0.164680   0.182300   0.205860   0.187600  0.10213  0.09870  0.11292  0.13382  0.16120 0.07802  0.07180  0.08308  0.09860  0.12256
 0.1270   0.1338   0.1341   0.1565   0.1602   0.111240   0.115060   0.114620   0.135000   0.138380   0.142060  0.06324  0.06660  0.06821  0.08666  0.08955 0.04764  0.04786  0.04922  0.06530  0.06768
 0.1502   0.1345   0.1216   0.1235   0.1284   0.140000   0.128100   0.120060   0.126800   0.134680   0.135480  0.06810  0.05817  0.05199  0.05221  0.03569 0.05790  0.05220  0.05066  0.05550  0.04158
 0.1560   0.1549   0.1516   0.1624   0.1651   0.131580   0.131080   0.128000   0.136940   0.139520   0.137840  0.08969  0.08864  0.08538  0.08788  0.09032 0.06548  0.06458  0.06200  0.06264  0.06432
 0.1399   0.1355   0.1259   0.1436   0.1537   0.106360   0.104000   0.096200   0.114800   0.123560   0.128940  0.08498  0.07564  0.06501  0.05792  0.06300 0.05166  0.04390  0.03540  0.02900  0.03266
     NA      NA      NA      NA      NA          NA         NA      0.113000   0.098100   0.101420   0.107840       NA       NA       NA       NA       NA      NA       NA       NA       NA       NA
 0.0721   0.0767   0.0801   0.0848   0.0861   0.109760   0.113820   0.117400   0.128860   0.131980   0.145080       NA       NA  0.05372  0.05681  0.06101      NA       NA  0.09100  0.10086  0.10688
 0.1530   0.1528   0.1681   0.1872   0.2023   0.123240   0.119880   0.129040   0.134340   0.136240   0.122200  0.11061  0.10220  0.11142  0.11800  0.12899 0.08064  0.06908  0.07194  0.06554  0.06244
 0.1600   0.1551   0.1465   0.1483   0.1517   0.122880   0.117920   0.111140   0.110300   0.108580   0.111140  0.09721  0.09437  0.08144  0.08731  0.11000 0.06058  0.05712  0.04584  0.04940  0.06708
 0.0860   0.0918   0.0926   0.1039   0.1141   0.086640   0.096760   0.089280   0.095840   0.097260   0.090840  0.04983  0.04540  0.05098  0.03931  0.03054 0.05064  0.05016  0.04778  0.03114  0.01336
 0.2399   0.2191   0.2253   0.1886   0.1805   0.203160   0.183500   0.186240   0.171620   0.167520   0.174920       NA       NA  0.15701  0.13578  0.13593      NA       NA  0.11774  0.11842  0.12322
 0.1556   0.1380   0.1233   0.1244   0.1334   0.140220   0.122460   0.111100   0.111180   0.116100   0.111900  0.07081  0.05017  0.02952  0.02296  0.03605 0.05502  0.03426  0.01720  0.00998  0.01850
 0.1599   0.1698   0.1843   0.1890   0.1942   0.117600   0.124960   0.133820   0.138020   0.148760   0.146540  0.09101  0.08972  0.09833  0.09689  0.10707 0.04870  0.04476  0.04762  0.04632  0.06206
     NA      NA      NA      NA      NA          NA         NA      0.067500   0.069600   0.093740   0.091240       NA       NA       NA       NA       NA      NA       NA       NA       NA       NA
 0.1320   0.1430   0.1436   0.1849   0.2043   0.117100   0.127840   0.126600   0.156920   0.174860   0.172760  0.05656  0.06297  0.05671  0.10965  0.13191 0.04130  0.04784  0.04010  0.08152  0.10286
 0.0948   0.0871   0.0874   0.0991   0.1127   0.098520   0.082000   0.075320   0.085260   0.101200   0.111760  0.06461  0.05668  0.05657  0.05917  0.05233 0.06882  0.05120  0.04472  0.04576  0.04120
 0.2305   0.2438   0.2563   0.2750   0.2839   0.160640   0.170120   0.182040   0.197220   0.210720   0.201800  0.14846  0.15046  0.15135  0.17160  0.18359 0.07844  0.07642  0.07734  0.09382  0.11002
 0.0695   0.0714   0.0706   0.0785   0.0796   0.069280   0.071700   0.069780   0.079820   0.078900   0.080720  0.01281  0.01271  0.01507  0.01329  0.01460 0.01258  0.01340  0.01428  0.01462  0.01410
 0.1432   0.1475   0.1496   0.1621   0.1820   0.097040   0.100760   0.100820   0.100120   0.113300   0.101040  0.06605  0.07494  0.07434  0.06644  0.10678 0.02024  0.02796  0.02582  0.00482  0.03820
 0.2211   0.2147   0.2101   0.2260   0.2374   0.183800   0.177960   0.171040   0.176000   0.173480   0.153060  0.12382  0.11917  0.11971  0.12281  0.13508 0.08630  0.08286  0.08064  0.07300  0.07138
     NA      NA      NA      NA      NA       0.244560   0.184600   0.145160   0.131700   0.120060   0.129220       NA       NA       NA       NA       NA      NA  0.09270  0.05166  0.03480  0.04316
 0.1131   0.1258   0.1224   0.1426   0.1517   0.088340   0.096260   0.093580   0.106940   0.109640   0.109180  0.06336  0.05958  0.04993  0.06285  0.07996 0.03864  0.03046  0.02088  0.02744  0.03814
 0.1505   0.1384   0.1463   0.1757   0.2025   0.149620   0.137880   0.148100   0.174800   0.205060   0.202200       NA       NA  0.10440  0.12458  0.14035      NA       NA  0.10620  0.12340  0.14266
 0.2083   0.2160   0.2076   0.2271   0.2169   0.118280   0.123140   0.116880   0.132140   0.131660   0.127780  0.16392  0.16339  0.14716  0.16231  0.14990 0.07368  0.07014  0.05688  0.06684  0.06486
 0.3638   0.4142   0.3549   0.3223   0.2801   0.402220   0.440980   0.388620   0.340560   0.282560   0.262620  0.32646  0.35765  0.29617  0.25173  0.17935 0.36492  0.38388  0.32982  0.27026  0.18196
     NA      NA      NA      NA      NA          NA         NA         NA         NA      0.273160   0.278575       NA       NA       NA       NA       NA      NA       NA       NA       NA       NA
     NA      NA      NA      NA      NA          NA         NA         NA         NA         NA      0.183000       NA       NA       NA       NA       NA      NA       NA       NA       NA       NA
     NA      NA      NA      NA      NA          NA         NA         NA         NA      0.346500   0.335000       NA       NA       NA       NA       NA      NA       NA       NA       NA       NA
     NA      NA      NA      NA      NA          NA         NA         NA      0.260200   0.229680   0.170200       NA       NA       NA       NA       NA      NA       NA       NA       NA       NA

