 0.38   0.40   0.30   0.64   1.18   2.25   0.59   0.66   0.54   1.11   2.03   3.83  0.17   0.14   0.10   0.23   0.42   0.87
   NA     NA     NA     NA     NA     NA     NA     NA     NA     NA     NA     NA    NA     NA     NA     NA     NA     NA
 0.30   0.25   0.20   0.18   0.30   0.56   0.47   0.38   0.31   0.29   0.51   0.92  0.14   0.12   0.09   0.08   0.10   0.22
 0.19   0.20   0.60   0.52   0.50   0.69   0.32   0.34   0.89   0.81   0.87   1.11  0.10   0.10   0.40   0.30   0.20   0.35
   NA     NA     NA     NA     NA     NA     NA     NA     NA     NA     NA     NA    NA     NA     NA     NA     NA     NA
   NA     NA     NA     NA     NA     NA     NA     NA     NA     NA     NA     NA    NA     NA     NA     NA     NA     NA
 0.26   0.25   0.26   0.30   0.48   0.69   0.38   0.38   0.42   0.51   0.83   1.19  0.15   0.12   0.10   0.10   0.15   0.22
   NA     NA     NA     NA     NA     NA     NA     NA     NA     NA     NA     NA    NA     NA     NA     NA     NA     NA
 0.32   0.27   0.22   0.20   0.24   0.36   0.49   0.40   0.33   0.31   0.39   0.65  0.17   0.14   0.12   0.10   0.10   0.10
   NA     NA     NA     NA     NA     NA     NA     NA     NA     NA     NA     NA    NA     NA     NA     NA     NA     NA
   NA     NA     NA     NA     NA     NA     NA     NA     NA     NA     NA     NA    NA     NA     NA     NA     NA     NA
 3.13   2.64   2.36   2.26   2.38   3.00   4.57   3.90   3.54   3.55   3.90   5.08  1.80   1.49   1.27   1.07   0.98   1.10
 0.77   1.46   2.33   3.40   5.54   8.05   1.55   2.74   4.08   5.54   8.38  11.67  0.00   0.21   0.63   1.30   2.76   4.49
   NA     NA     NA     NA     NA     NA     NA     NA     NA     NA     NA     NA    NA     NA     NA     NA     NA     NA
   NA     NA     NA     NA     NA     NA     NA     NA     NA     NA     NA     NA    NA     NA     NA     NA     NA     NA
 0.38   0.30   0.25   0.20   0.16   0.13   0.58   0.46   0.38   0.30   0.25   0.20  0.19   0.15   0.12   0.10   0.08   0.07
 0.70   0.57   0.40   0.48   0.61   0.75   1.12   0.94   0.72   0.86   1.09   1.27  0.30   0.22   0.10   0.12   0.16   0.27
   NA     NA     NA     NA     NA     NA     NA     NA     NA     NA     NA     NA    NA     NA     NA     NA     NA     NA
 0.21   0.18   0.15   0.12   0.10   0.08   0.22   0.18   0.15   0.12   0.10   0.08  0.21   0.17   0.14   0.12   0.10   0.08
   NA     NA     NA     NA     NA     NA     NA     NA     NA     NA     NA     NA    NA     NA     NA     NA     NA     NA
 0.30   0.27   0.27   0.39   0.48   0.57   0.40   0.31   0.24   0.50   0.67   0.84  0.20   0.22   0.30   0.29   0.29   0.32
 0.08   0.10   0.14   0.10   0.17   0.46   0.17   0.22   0.28   0.10   0.17   0.36  0.00   0.00   0.02   0.10   0.17   0.53
 1.00   1.05   0.83   1.50   1.55   1.70   1.53   1.59   1.27   2.20   2.30   2.49  0.50   0.54   0.40   0.80   0.80   0.89
   NA     NA     NA     NA     NA     NA     NA     NA     NA     NA     NA     NA    NA     NA     NA     NA     NA     NA
 0.00   0.00   0.00   0.20   0.26   0.35   0.00   0.00   0.00   0.31   0.44   0.57  0.00   0.00   0.00   0.10   0.10   0.16
 0.31   0.25   0.20   0.20   0.28   0.29   0.46   0.37   0.29   0.31   0.49   0.49  0.18   0.14   0.11   0.10   0.10   0.10
   NA     NA     NA     NA     NA     NA     NA     NA     NA     NA     NA     NA    NA     NA     NA     NA     NA     NA
 1.30   1.18   1.20   2.03   3.60   3.07   1.84   1.76   1.95   3.28   5.53   4.52  0.80   0.65   0.50   0.90   1.90   1.66
   NA     NA     NA     NA     NA     NA     NA     NA     NA     NA     NA     NA    NA     NA     NA     NA     NA     NA
 0.05   0.04   0.05   0.10   0.10   0.10   0.11   0.09   0.11   0.21   0.21   0.19  0.00   0.00   0.00   0.00   0.00   0.02
 0.20   0.16   0.13   0.10   0.10   0.14   0.41   0.33   0.26   0.21   0.20   0.27  0.00   0.00   0.00   0.00   0.01   0.03
   NA     NA     NA     NA     NA     NA     NA     NA     NA     NA     NA     NA    NA     NA     NA     NA     NA     NA
 0.49   0.39   0.33   0.30   0.30   0.30   0.80   0.63   0.54   0.50   0.51   0.51  0.20   0.16   0.12   0.11   0.10   0.10
 0.62   0.60   0.66   0.80   1.04   1.40   0.62   0.66   0.82   1.11   1.56   2.19  0.63   0.54   0.50   0.50   0.54   0.63
 0.70     NA   2.60     NA     NA     NA     NA     NA     NA     NA     NA     NA  0.30     NA   1.70     NA     NA     NA
 0.30   0.33   0.38   0.50   0.54   0.57   0.52   0.55   0.60   0.72   0.81   0.90  0.10   0.14   0.18   0.30   0.28   0.27
   NA     NA     NA     NA     NA     NA     NA     NA     NA     NA     NA     NA    NA     NA     NA     NA     NA     NA
 0.00   1.33   3.70   3.07   1.40   2.30   0.00   1.65   4.34   3.44   0.38   3.14  0.00   1.03   3.10   2.72   2.37   1.50
 0.05   0.12   0.24   0.43   0.65   0.88   0.09   0.23   0.45   0.79   1.15   1.45  0.00   0.01   0.03   0.08   0.17   0.33
 0.50   0.40   0.32   0.38   0.79   1.43   0.77   0.62   0.50   0.56   1.05   1.82  0.25   0.20   0.16   0.21   0.56   1.08
 3.67   2.88   2.28   1.82   1.50   1.27   5.56   4.33   3.41   2.73   2.25   1.92  1.97   1.56   1.23   0.98   0.80   0.66
 0.12   0.10   0.10   0.49   1.30   1.48   0.26   0.21   0.21   0.85   2.16   2.50  0.00   0.00   0.00   0.16   0.50   0.52
 0.72   0.70   0.87   1.20   1.80   2.80   1.26   1.18   1.53   1.89   2.91   4.31  0.17   0.20   0.27   0.50   0.70   1.30
 0.00   0.05   0.10   0.18   0.27   0.32   0.00   0.09   0.21   0.33   0.48   0.55  0.00   0.00   0.00   0.04   0.07   0.10
 0.01   0.03   0.06   0.19   0.43   0.59   0.02   0.06   0.13   0.39   0.84   1.08  0.00   0.00   0.00   0.02   0.06   0.15
 0.95   0.75   0.60   0.52   0.40   0.67   1.46   1.16   0.92   0.75   0.40   0.90  0.47   0.37   0.30   0.31   0.40   0.45
 0.91   0.73   0.60   0.64   0.85   0.95   1.58   1.25   1.01   1.11   1.47   1.36  0.26   0.22   0.20   0.18   0.25   0.56
   NA     NA     NA     NA     NA     NA     NA     NA     NA     NA     NA     NA    NA     NA     NA     NA     NA     NA
 0.60   0.79   1.20   1.99   3.30   5.54   1.15   1.36   1.87   2.98   5.04   6.96  0.20   0.38   0.70   1.15   1.90   4.33
13.10  16.67  15.18  30.90  37.40  38.11  13.89  17.95  17.05  33.40  40.25  41.13 12.30  15.41  13.36  28.50  34.70  35.26
 2.68   3.10   3.10   5.80   8.36  11.65   2.91   3.40   3.40   6.20   9.51  13.33  2.45   2.80   2.80   5.40   7.22   9.98
 0.50     NA   1.10     NA   1.70     NA     NA     NA     NA     NA     NA     NA  0.20     NA   0.50     NA   1.00     NA
 0.80   1.17   1.90   2.81   4.32   6.44   1.19   1.63   2.48   3.43   5.05   7.44  0.40   0.70   1.30   2.16   3.58   5.41
 0.50   0.67   0.90   1.37   2.30   2.60   0.91   0.98   0.90   1.68   2.74   3.27  0.10   0.36   0.90   1.07   1.90   1.99
   NA     NA     NA     NA     NA     NA     NA     NA     NA     NA     NA     NA    NA     NA     NA     NA     NA     NA
 0.48   0.70   1.01   1.20   2.20   3.47   0.65   1.09   1.65   1.89   3.19   4.94  0.30   0.30   0.36   0.50   1.20   1.99
 0.23   0.27   0.30   0.43   0.70   0.76   0.22   0.37   0.41   0.62   1.03   1.13  0.24   0.18   0.20   0.25   0.40   0.42
 0.60   0.72   0.86   1.00   1.99   3.30   1.00   1.19   1.43   1.61   2.82   4.40  0.20   0.25   0.30   0.40   1.17   2.20
 0.50   0.79   1.06   1.65   2.00   2.83   0.85   1.12   1.46   1.99   2.22   3.10  0.20   0.51   0.70   1.36   1.80   2.58
 1.40   1.85   2.60   3.56   4.90   6.91   2.24   3.11   4.49   6.14   8.28  10.75  0.60   0.66   0.80   1.10   1.68   3.28
 0.52   0.60   0.96   1.96   3.42   5.82   1.00   1.13   1.63   2.98   4.83   7.67  0.06   0.10   0.33   1.00   2.09   4.06
 2.60   3.23   4.20   5.65   8.40  11.15   3.25   3.48   5.17   5.97   8.97  11.42  1.90   2.95   3.17   5.31   7.80  10.87
 0.30     NA     NA     NA   1.30     NA     NA     NA     NA     NA     NA     NA  0.10     NA     NA     NA   0.70     NA
 0.30     NA     NA     NA   1.40     NA     NA     NA     NA     NA     NA     NA  0.10     NA     NA     NA   0.90     NA
 0.70   0.86   1.20   1.83   2.90   3.33   1.11   1.31   1.83   2.59   3.92   4.33  0.30   0.42   0.60   1.10   1.90   2.36
16.50  19.18  22.30  25.83  28.10  32.24  18.31  22.00  26.75  29.18  28.10  32.17 14.80  16.59  18.30  22.85  28.10  32.30
 3.00   3.74   4.00   5.21   6.10   8.24   4.26   5.22   5.52   6.42   6.41   8.53  1.70   2.24   2.50   4.04   5.80   7.97
 2.90   3.69   3.86   5.00   6.21   7.45   3.70   4.45   4.90   6.81   8.66  10.52  2.14   2.97   2.88   3.30   3.92   4.61
 2.04   1.82   2.00   4.30   5.00   6.37   3.17   2.82   3.02   5.42   5.91   7.16  0.92   0.83   1.00   3.20   4.10   5.60
 2.10   2.75   3.80   5.21   7.20   8.31   2.96   3.80   5.22   6.72   8.61   9.89  1.30   1.77   2.50   3.84   5.90   6.86
 1.09   1.20   1.52   3.30   4.33   5.68   1.88   2.06   2.54   4.90   6.11   7.37  0.35   0.40   0.57   1.80   2.66   4.11
 1.40   1.85   1.95   3.20   7.60  13.57   2.34   2.96   3.17   4.73   9.63  17.14  0.50   0.77   0.75   1.70   5.60  10.05
 0.40   0.55   1.00   1.31   1.80   1.99   0.50   0.87   1.62   2.06   2.74   2.80  0.30   0.25   0.40   0.57   0.90   1.22
 1.20   1.56   2.10   2.66   3.40   4.54   1.95   2.39   3.07   3.59   4.32   5.48  0.50   0.78   1.20   1.77   2.50   3.59
 2.60   3.28   4.50   6.69  10.10  11.97   3.81   4.63   6.02   8.64  12.53  15.05  1.40   1.95   3.00   4.76   7.70   8.92
   NA     NA     NA     NA     NA     NA     NA     NA     NA     NA     NA     NA    NA     NA     NA     NA     NA     NA
 0.65   1.60   2.43   6.30   7.46   9.00   0.54   1.70   2.72   5.77   7.37   7.89  0.77   1.50   2.15   6.80   7.55  10.00
 1.50   2.04   2.60   4.68   7.00   9.99   2.47   3.15   3.90   6.16   8.49  12.02  0.50   0.91   1.30   3.20   5.50   7.95
 3.12   2.48   2.02   1.70   3.20   2.83   4.71   3.73   3.03   2.55   5.67   4.95  1.48   1.18   0.96   0.80   0.60   0.58
 3.28   2.70   3.80   3.21   2.96   3.39   4.08   3.54   5.01   3.98   3.23   3.55  2.20   1.80   2.20   2.18   2.43   3.06
 0.60   0.60   0.63   0.90   1.30   1.67   1.08   1.09   1.16   1.61   2.21   2.83  0.00   0.01   0.03   0.10   0.30   0.43
 0.35   0.36   0.62   0.20   0.85   1.90   0.60   0.60   0.93   0.41   1.08   2.42  0.10   0.11   0.32   0.00   0.64   1.40
   NA     NA     NA     NA     NA     NA     NA     NA     NA     NA     NA     NA    NA     NA     NA     NA     NA     NA
 4.30   5.40   4.90   3.80   7.10   7.60   6.30   8.01   7.16   5.53   9.02   9.32  2.30   2.90   2.70   2.00   5.00   5.80
 0.00   0.56   1.10   2.01   2.50   3.67   0.00   0.89   1.85   3.31   3.82   5.42  0.02   0.20   0.30   0.65   1.10   1.81
 0.10   0.33   0.50   0.75   0.80   1.42   0.20   0.58   0.81   1.18   1.22   2.08  0.00   0.08   0.20   0.34   0.40   0.79
 0.49   0.90   1.03   1.47   2.22   2.61   0.85   1.60   1.76   2.42   3.32   3.79  0.14   0.20   0.30   0.57   1.12   1.42
 0.70   0.90   1.58   2.34   3.73   4.89   1.19   1.39   2.36   3.55   5.32   6.81  0.20   0.40   0.78   1.12   2.13   2.94
 9.90  11.39  14.80  17.64  23.10  24.04  12.82  14.14  17.28  20.05  25.42  25.56  7.00   8.68  12.40  15.34  20.90  22.62
 6.30   6.26   5.50   7.33  14.40  16.02  10.70  10.81  10.07  12.48  19.59  21.86  2.30   2.10   1.30   2.57   9.60  10.62
 0.80   1.67   0.98   1.24   6.70  10.96   1.28   2.55   0.69   1.77  10.00  14.14  0.30   0.75   1.28   0.69   3.30   7.69
 2.60   3.60   5.60   6.90   8.90  11.70   4.97   6.56   9.66  11.40  14.01  17.91  0.50   0.90   1.80   2.60   4.00   5.80
 1.20   2.07   4.60  12.50  10.10  12.70   1.49   2.55   5.79  13.70  11.62  13.32  0.50   1.04   2.50  10.70   7.40  11.60
 1.50   1.46   1.54   1.48   1.40   2.00   2.43   2.01   2.35   1.94   2.10   2.79  0.50   0.89   0.70   1.02   0.70   1.23
 0.10   0.14   0.10   0.39   0.76   1.18   0.10   0.20   0.20   0.65   1.26   1.90  0.10   0.08   0.00   0.13   0.26   0.45
   NA     NA     NA     NA     NA     NA     NA     NA     NA     NA     NA     NA    NA     NA     NA     NA     NA     NA
 0.30   1.28   3.40   3.23   1.90   2.03   0.30   1.81   5.06   5.03   2.99   3.17  0.30   0.70   1.60   1.28   0.70   0.79
 6.20   7.74   9.60  11.90  15.20  17.85   7.05   8.49  10.41  12.50  15.30  17.69  5.40   7.03   8.80  11.30  15.10  18.00
   NA     NA     NA     NA     NA     NA     NA     NA     NA     NA     NA     NA    NA     NA     NA     NA     NA     NA
 0.00   0.45   2.00   2.83   3.40   4.34   0.00   0.86   2.96   4.05   4.78   5.78  0.00   0.00   1.00   1.57   2.00   2.88
 0.40   0.65   1.20   1.17   1.10   1.43   0.57   0.89   1.54   1.48   1.39   1.72  0.20   0.39   0.80   0.82   0.80   1.14
 0.50   0.96   1.30   2.74   4.72   7.73   0.88   1.64   2.19   4.45   7.31  11.41  0.10   0.28   0.40   1.01   2.10   4.02
 4.23   4.30   5.14   5.70   9.30  10.98   6.97   7.03   7.94   8.35  12.66  15.31  1.18   1.20   1.77   2.60   5.50   6.22
 0.60   0.85   1.10   1.80   2.90   5.04   0.90   1.23   1.52   2.31   3.42   6.16  0.30   0.49   0.70   1.32   2.40   3.96
   NA     NA     NA   4.30   2.90   2.76     NA     NA     NA   4.75   3.17   2.85    NA     NA     NA   2.80   1.89   2.40
 0.18   0.14   0.12   0.10   0.21   0.40   0.35   0.29   0.24   0.23   0.47   0.92  0.00   0.00   0.00   0.00   0.02   0.06
 2.20   2.81   2.60   3.61   3.30   5.69   4.11   5.10   4.46   5.98   5.36   8.12  0.70   0.98   1.10   1.68   1.60   3.66
 4.00   4.51   2.60   7.20   9.06  11.14   5.51   6.35   4.69   9.51  11.82  14.12  2.60   2.81   0.70   5.10   6.55   8.43
 1.40   2.63   3.85   7.70   6.80   6.38   2.38   3.70   4.98   9.19   8.00   7.54  0.50   1.66   2.82   6.30   5.66   5.28
15.22  14.71  14.58  15.07  16.70  18.00  13.87  13.88  14.32  15.46  17.45  18.75 16.50  15.49  14.83  14.70  15.99  17.30
 4.10   4.51   6.10   7.24  11.90  13.80   4.45   4.92   7.03   8.14  13.61  16.17  3.80   4.16   5.30   6.45  10.40  11.70
 2.10   2.66   2.70   4.97   8.50  10.55   3.34   3.97   3.93   6.87  10.04  11.87  1.00   1.49   1.60   3.25   7.10   9.36
 1.84   2.39   3.10   5.50   6.90   7.70   2.28   3.30   4.53   8.46  10.20  11.43  1.48   1.64   1.90   3.00   4.10   4.50
 2.50   3.00   3.90   5.44   7.60   8.66   4.05   4.78   6.03   7.97  10.57  11.67  1.10   1.41   2.00   3.16   4.90   5.92
 3.40   3.50   5.10   5.90   7.00   7.66   5.68   5.67   7.71   8.67   9.27   9.74  1.40   1.60   2.80   3.46   5.00   5.83
 3.70   4.11   4.65   5.46   7.07   9.25   5.75   6.43   7.23   8.46  10.39  12.25  1.60   1.79   2.18   2.62   3.91   6.29
 4.11   4.50   4.60   5.72   7.90   9.63   4.92   5.52   5.62   7.18   9.33  11.40  3.32   3.50   3.60   4.32   6.50   7.91
 2.10   2.47   2.60   4.27   4.10   6.72   3.31   3.79   3.82   5.94   5.44   8.58  1.00   1.27   1.50   2.76   2.90   5.07
   NA     NA     NA     NA     NA     NA     NA     NA     NA     NA     NA     NA    NA     NA     NA     NA     NA     NA
 2.74   2.40   2.77   3.24   3.49   3.40   4.58   4.12   4.53   5.01   5.36   5.18  1.20   1.00   1.31   1.71   1.82   1.76
 1.30   2.73   7.20   9.07  11.29  13.75   2.25   4.40   9.71  12.59  15.65  18.47  0.40   1.14   4.80   5.70   7.15   9.31
 1.90   2.36   6.60   8.50  11.90  13.51   3.47   4.01   8.82  10.93  15.18  16.61  0.40   0.79   4.50   6.20   8.80  10.61
 3.20   4.06   5.40   6.00   5.70   7.45   4.84   5.52   6.78   7.40   7.17   8.47  1.80   2.79   4.20   4.77   4.40   6.54
 1.10   1.20   1.00   2.11   3.50   4.46   1.92   2.01   1.62   3.09   5.04   5.91  0.40   0.51   0.50   1.32   2.20   3.21
 0.80   1.82   3.70   4.34   7.10   7.00   1.48   2.90   5.38   6.40   8.87   8.32  0.20   0.88   2.20   2.50   5.50   5.80
 7.50   7.65   8.30   9.90  15.40  16.90   7.78   8.15   9.02  10.96  16.77  17.85  7.22   7.17   7.60   8.88  14.10  16.01
 9.40   9.07   2.90   3.82  11.00  11.81  12.25  12.18   5.21   6.58  17.21  18.21  6.80   6.29   0.80   1.30   5.40   6.00
 0.60   1.10   1.62   1.80   3.60   4.08   1.01   1.91   2.66   2.96   5.73   6.22  0.20   0.30   0.56   0.60   1.50   1.82
 1.80   2.53   3.56  11.00  11.83  12.76   2.60   3.82   5.38  14.36  15.45  16.65  1.10   1.38   1.96   8.00   8.59   9.28
 1.30   2.52   3.90   5.42   6.80   8.80   2.09   3.88   5.90   7.58   8.98  11.02  0.60   1.30   2.10   3.46   4.80   6.73
 3.59   4.70  21.50  20.76  20.80  21.45   4.69   6.42  33.18  31.60  23.29  23.84  2.48   3.00  10.00  10.18  18.40  19.15
 6.41   5.03   3.95   3.30   3.63   4.50   7.59   6.07   4.81   4.09   4.54   5.59  5.03   3.91   3.05   2.50   2.70   3.40
 3.74   4.90   6.14  20.10  30.60  30.32   5.47   6.96   8.50  23.97  33.76  34.15  2.05   2.90   3.88  16.40  27.60  26.71
 0.37   0.30   0.24   0.29   0.71   0.94   0.48   0.39   0.32   0.46   1.38   1.66  0.25   0.20   0.16   0.11   0.00   0.17
   NA     NA     NA   1.60     NA     NA     NA     NA     NA     NA     NA     NA    NA     NA     NA   1.00     NA     NA
   NA     NA     NA     NA     NA     NA     NA     NA     NA     NA     NA     NA    NA     NA     NA     NA     NA     NA
   NA     NA     NA     NA     NA     NA     NA     NA     NA     NA     NA     NA    NA     NA     NA     NA     NA     NA
   NA   0.50   4.50   2.20   3.00     NA     NA     NA     NA     NA     NA     NA    NA   0.30   3.40   1.30   2.80     NA

