 0.25   0.27   0.20   0.42   0.78   1.50   0.40   0.45   0.37   0.75   1.38   2.62      0.1000  0.0900  0.0600  0.1400  0.2500  0.5300
   NA     NA     NA     NA     NA     NA     NA     NA     NA     NA     NA     NA          NA      NA      NA      NA      NA      NA
 0.23   0.19   0.16   0.14   0.23   0.44   0.37   0.30   0.25   0.23   0.40   0.73      0.1100  0.0900  0.0700  0.0600  0.0700  0.1600
 0.15   0.16   0.47   0.40   0.39   0.54   0.26   0.27   0.71   0.65   0.69   0.89      0.0700  0.0700  0.3000  0.2300  0.1500  0.2600
   NA     NA     NA     NA     NA     NA     NA     NA     NA     NA     NA     NA          NA      NA      NA      NA      NA      NA
   NA     NA     NA     NA     NA     NA     NA     NA     NA     NA     NA     NA          NA      NA      NA      NA      NA      NA
 0.17   0.16   0.17   0.20   0.32   0.46   0.25   0.25   0.28   0.34   0.55   0.79      0.1000  0.0800  0.0700  0.0700  0.1000  0.1400
   NA     NA     NA     NA     NA     NA     NA     NA     NA     NA     NA     NA          NA      NA      NA      NA      NA      NA
 0.25   0.21   0.17   0.16   0.19   0.28   0.39   0.32   0.27   0.25   0.31   0.52      0.1300  0.1100  0.0900  0.0700  0.0700  0.0700
   NA     NA     NA     NA     NA     NA     NA     NA     NA     NA     NA     NA          NA      NA      NA      NA      NA      NA
   NA     NA     NA     NA     NA     NA     NA     NA     NA     NA     NA     NA          NA      NA      NA      NA      NA      NA
 2.45   2.07   1.84   1.76   1.86   2.35   3.64   3.10   2.81   2.82   3.08   4.02      1.3500  1.1100  0.9500  0.8000  0.7400  0.8200
 0.67   1.28   2.05   2.99   4.88   7.08   1.37   2.43   3.63   4.96   7.57  10.59      0.0000  0.1700  0.5100  1.0500  2.2300  3.6300
   NA     NA     NA     NA     NA     NA     NA     NA     NA     NA     NA     NA          NA      NA      NA      NA      NA      NA
   NA     NA     NA     NA     NA     NA     NA     NA     NA     NA     NA     NA          NA      NA      NA      NA      NA      NA
 0.29   0.24   0.19   0.16   0.13   0.10   0.46   0.37   0.30   0.24   0.20   0.16      0.1400  0.1100  0.0900  0.0700  0.0600  0.0500
 0.55   0.45   0.31   0.38   0.48   0.59   0.89   0.74   0.56   0.68   0.86   1.00      0.2200  0.1600  0.0700  0.0900  0.1200  0.2000
   NA     NA     NA     NA     NA     NA     NA     NA     NA     NA     NA     NA          NA      NA      NA      NA      NA      NA
 0.17   0.14   0.11   0.09   0.08   0.06   0.18   0.15   0.12   0.10   0.08   0.07      0.1600  0.1300  0.1100  0.0900  0.0700  0.0600
   NA     NA     NA     NA     NA     NA     NA     NA     NA     NA     NA     NA          NA      NA      NA      NA      NA      NA
 0.23   0.21   0.21   0.31   0.38   0.45   0.32   0.25   0.20   0.40   0.54   0.67      0.1500  0.1600  0.2200  0.2100  0.2200  0.2400
 0.08   0.10   0.14   0.10   0.17   0.46   0.17   0.22   0.28   0.10   0.17   0.36      0.0000  0.0000  0.0200  0.1000  0.1700  0.5300
 0.74   0.77   0.61   1.10   1.14   1.25   1.11   1.16   0.92   1.61   1.68   1.82      0.3800  0.4000  0.3000  0.6000  0.6000  0.6700
   NA     NA     NA     NA     NA     NA     NA     NA     NA     NA     NA     NA          NA      NA      NA      NA      NA      NA
 0.00   0.00   0.00   0.20   0.26   0.35   0.00   0.00   0.00   0.31   0.44   0.57      0.0000  0.0000  0.0000  0.1000  0.1000  0.1600
 0.25   0.20   0.16   0.16   0.22   0.22   0.37   0.29   0.23   0.25   0.38   0.39      0.1300  0.1000  0.0900  0.0700  0.0700  0.0700
   NA     NA     NA     NA     NA     NA     NA     NA     NA     NA     NA     NA          NA      NA      NA      NA      NA      NA
 0.54   0.49   0.50   0.85   1.51   1.28   0.85   0.80   0.87   1.47   2.52   2.05      0.2600  0.2100  0.1600  0.2900  0.6200  0.5400
   NA     NA     NA     NA     NA     NA     NA     NA     NA     NA     NA     NA          NA      NA      NA      NA      NA      NA
 0.04   0.03   0.04   0.08   0.08   0.08   0.09   0.07   0.09   0.16   0.16   0.15      0.0000  0.0000  0.0000  0.0000  0.0000  0.0100
 0.15   0.12   0.10   0.08   0.08   0.11   0.32   0.26   0.20   0.16   0.16   0.21      0.0000  0.0000  0.0000  0.0000  0.0000  0.0200
   NA     NA     NA     NA     NA     NA     NA     NA     NA     NA     NA     NA          NA      NA      NA      NA      NA      NA
 0.43   0.34   0.29   0.26   0.26   0.26   0.73   0.57   0.49   0.46   0.46   0.46      0.1500  0.1200  0.0900  0.0800  0.0700  0.0700
 0.49   0.47   0.51   0.63   0.82   1.10   0.50   0.53   0.66   0.88   1.24   1.74      0.4700  0.4100  0.3700  0.3700  0.4000  0.4700
 0.55     NA   2.03     NA     NA     NA     NA     NA     NA     NA     NA     NA      0.2200      NA  1.2700      NA      NA      NA
 0.23   0.26   0.30   0.39   0.42   0.44   0.41   0.43   0.48   0.57   0.65   0.71      0.0700  0.1000  0.1300  0.2200  0.2100  0.2000
   NA     NA     NA     NA     NA     NA     NA     NA     NA     NA     NA     NA          NA      NA      NA      NA      NA      NA
 0.00   1.04   2.89   2.40   1.09   1.80   0.00   1.33   3.50   2.79   0.38   2.51      0.0000  0.7700  2.3200  2.0300  1.7700  1.1200
 0.04   0.09   0.18   0.34   0.51   0.69   0.07   0.18   0.35   0.62   0.90   1.14      0.0000  0.0100  0.0200  0.0600  0.1200  0.2500
 0.39   0.31   0.25   0.30   0.62   1.12   0.61   0.49   0.39   0.45   0.84   1.46      0.1900  0.1500  0.1200  0.1600  0.4200  0.8000
 2.87   2.25   1.78   1.43   1.17   0.99   4.42   3.44   2.71   2.17   1.79   1.53      1.4700  1.1600  0.9200  0.7300  0.6000  0.4900
 0.10   0.08   0.08   0.38   1.02   1.15   0.20   0.16   0.16   0.67   1.71   1.97      0.0000  0.0000  0.0000  0.1200  0.3700  0.3900
 0.65   0.63   0.78   1.08   1.62   2.52   1.12   1.04   1.34   1.65   2.55   3.75      0.1700  0.2000  0.2700  0.5000  0.7000  1.3000
 0.00   0.04   0.08   0.14   0.21   0.25   0.00   0.07   0.16   0.26   0.38   0.44      0.0000  0.0000  0.0000  0.0300  0.0600  0.0800
 0.01   0.02   0.05   0.15   0.33   0.46   0.02   0.05   0.10   0.30   0.66   0.85      0.0000  0.0000  0.0000  0.0200  0.0400  0.1100
 0.74   0.59   0.47   0.41   0.31   0.52   1.16   0.92   0.73   0.59   0.33   0.72      0.3500  0.2800  0.2200  0.2300  0.3000  0.3300
 0.71   0.57   0.47   0.50   0.66   0.75   1.24   0.98   0.80   0.87   1.16   1.08      0.2000  0.1700  0.1500  0.1400  0.1900  0.4200
   NA     NA     NA     NA     NA     NA     NA     NA     NA     NA     NA     NA          NA      NA      NA      NA      NA      NA
 0.41   0.54   0.82   1.35   2.25   3.77   0.78   0.92   1.26   2.01   3.39   4.66      0.1400  0.2600  0.4900  0.8000  1.3200  3.0200
 3.54   4.50   4.10   8.34  10.10  10.29   4.42   5.70   5.36  10.65  12.88  13.16      2.6400  3.3100  2.8700  6.1300  7.4600  7.5800
 1.82   2.11   2.11   3.95   5.70   7.93   1.95   2.28   2.28   4.14   6.37   8.93      1.7000  1.9500  1.9500  3.7600  5.0300  6.9500
 0.34     NA   0.75     NA   1.16     NA     NA     NA     NA     NA     NA     NA      0.1400      NA  0.3500      NA  0.7000      NA
 0.54   0.80   1.29   1.91   2.94   4.39   0.80   1.10   1.67   2.30   3.39   4.99      0.2800  0.4800  0.9000  1.5100  2.4900  3.7700
 0.34   0.45   0.61   0.93   1.57   1.77   0.62   0.66   0.60   1.13   1.83   2.20      0.0700  0.2500  0.6300  0.7400  1.3200  1.3900
   NA     NA     NA     NA     NA     NA     NA     NA     NA     NA     NA     NA          NA      NA      NA      NA      NA      NA
 0.33   0.48   0.69   0.82   1.50   2.36   0.44   0.74   1.12   1.28   2.16   3.33      0.2100  0.2100  0.2500  0.3500  0.8400  1.3900
 0.17   0.20   0.22   0.32   0.52   0.57   0.19   0.29   0.32   0.48   0.81   0.89      0.1600  0.1200  0.1300  0.1700  0.2700  0.2800
 0.41   0.49   0.59   0.68   1.36   2.25   0.68   0.81   0.97   1.09   1.90   2.97      0.1400  0.1800  0.2100  0.2800  0.8100  1.5300
 0.34   0.54   0.72   1.12   1.36   1.93   0.57   0.75   0.98   1.33   1.48   2.07      0.1400  0.3500  0.4900  0.9400  1.2500  1.7900
 0.82   1.09   1.52   2.09   2.87   4.05   1.24   1.74   2.54   3.47   4.66   5.92      0.4200  0.4600  0.5500  0.7600  1.1700  2.2800
 0.35   0.41   0.66   1.34   2.33   3.96   0.68   0.77   1.11   2.01   3.26   5.16      0.0500  0.0700  0.2300  0.7000  1.4500  2.8300
 1.77   2.20   2.86   3.85   5.72   7.59   2.19   2.33   3.48   3.99   6.00   7.62      1.3200  2.0500  2.2000  3.6900  5.4300  7.5700
 0.20     NA     NA     NA   0.89     NA     NA     NA     NA     NA     NA     NA      0.0700      NA      NA      NA  0.4900      NA
 0.20     NA     NA     NA   0.95     NA     NA     NA     NA     NA     NA     NA      0.0700      NA      NA      NA  0.6300      NA
 0.48   0.58   0.82   1.25   1.97   2.27   0.75   0.89   1.24   1.75   2.64   2.91      0.2100  0.2900  0.4200  0.7700  1.3200  1.6400
 9.98  11.60  13.49  15.63  17.00  19.50  11.80  14.14  17.12  18.83  18.45  21.11      8.2700  9.2700  10.230  12.770  15.710  18.06
 1.81   2.25   2.41   3.14   3.67   4.96   2.50   3.06   3.23   3.72   3.64   4.83      1.0800  1.4300  1.6000  2.5800  3.7000  5.0800
 1.97   2.51   2.63   3.40   4.23   5.08   2.49   2.98   3.29   4.59   5.83   7.09      1.4900  2.0700  2.0000  2.3000  2.7300  3.2100
 1.38   1.23   1.35   2.91   3.38   4.31   2.18   1.94   2.08   3.79   4.17   5.08      0.5900  0.5300  0.6300  2.0300  2.6000  3.5500
 1.43   1.87   2.59   3.55   4.90   5.66   2.00   2.56   3.51   4.51   5.77   6.63      0.9000  1.2300  1.7400  2.6700  4.1100  4.7700
 0.74   0.82   1.04   2.25   2.95   3.87   1.28   1.40   1.72   3.31   4.12   4.95      0.2400  0.2800  0.4000  1.2500  1.8500  2.8600
 0.95   1.26   1.33   2.18   5.18   9.24   1.59   2.01   2.15   3.19   6.47  11.52      0.3500  0.5400  0.5200  1.1800  3.9000  7.0000
 0.27   0.38   0.68   0.89   1.23   1.35   0.34   0.59   1.10   1.40   1.85   1.89      0.2100  0.1700  0.2800  0.4000  0.6300  0.8500
 0.95   1.24   1.67   2.11   2.70   3.60   1.53   1.86   2.38   2.77   3.32   4.20      0.4200  0.6600  1.0000  1.4800  2.0900  3.0100
 1.77   2.24   3.06   4.55   6.88   8.15   2.57   3.12   4.05   5.81   8.41  10.11      0.9700  1.3600  2.0900  3.3100  5.3600  6.2100
   NA     NA     NA     NA     NA     NA     NA     NA     NA     NA     NA     NA          NA      NA      NA      NA      NA      NA
 0.45   1.09   1.65   4.29   5.08   6.13   0.35   1.14   1.82   3.82   4.89   5.21      0.5400  1.0400  1.4900  4.7300  5.2600  6.9600
 1.02   1.39   1.77   3.19   4.77   6.80   1.68   2.13   2.63   4.15   5.70   8.07      0.3500  0.6300  0.9000  2.2300  3.8300  5.5400
 2.18   1.73   1.41   1.19   2.24   1.98   3.34   2.65   2.15   1.81   3.98   3.48      0.9800  0.7800  0.6300  0.5300  0.4000  0.3900
 1.55   1.27   1.79   1.51   1.39   1.60   1.96   1.71   2.40   1.91   1.55   1.71      0.9800  0.8000  0.9800  0.9700  1.0900  1.3700
 0.42   0.42   0.44   0.63   0.91   1.17   0.75   0.76   0.81   1.13   1.56   1.99      0.0000  0.0100  0.0200  0.0700  0.2000  0.2900
 0.24   0.25   0.43   0.14   0.60   1.33   0.42   0.43   0.66   0.28   0.78   1.75      0.0700  0.0800  0.2100  0.0000  0.4200  0.9300
   NA     NA     NA     NA     NA     NA     NA     NA     NA     NA     NA     NA          NA      NA      NA      NA      NA      NA
 2.46   3.08   2.80   2.17   4.05   4.34   3.83   4.88   4.38   3.35   5.62   5.89      1.0800  1.3600  1.2600  0.9400  2.3400  2.7100
 0.00   0.39   0.77   1.41   1.75   2.56   0.00   0.63   1.31   2.33   2.71   3.85      0.0200  0.1300  0.2000  0.4300  0.7300  1.2000
 0.04   0.14   0.22   0.33   0.35   0.62   0.09   0.25   0.35   0.51   0.53   0.89      0.0000  0.0400  0.0900  0.1500  0.1800  0.3600
 0.33   0.60   0.69   0.98   1.48   1.74   0.57   1.08   1.19   1.65   2.28   2.62      0.0800  0.1200  0.1800  0.3400  0.6800  0.8600
 0.47   0.60   1.05   1.56   2.49   3.26   0.81   0.95   1.62   2.44   3.68   4.73      0.1200  0.2400  0.4700  0.6800  1.2800  1.7800
 4.65   5.35   6.96   8.29  10.86  11.30   6.47   7.21   8.94  10.45  13.36  13.56      2.8400  3.5300  5.0300  6.2300  8.4900  9.1800
 3.94   3.91   3.44   4.58   9.00  10.01   7.48   7.47   6.74   8.67  15.50  17.27      0.7200  0.6500  0.4000  0.8000  2.9900  3.3000
 0.49   1.02   0.60   0.76   4.10   6.71   0.85   1.75   0.74   1.25   6.93  10.56      0.1100  0.2700  0.4600  0.2500  1.1800  2.7500
 1.92   2.66   4.14   5.11   6.59   8.66   3.68   4.85   7.15   8.44  10.38  13.28      0.3700  0.6600  1.3200  1.9100  2.9400  4.2700
 0.80   1.38   3.07   8.34   6.74   8.47   1.01   1.73   3.95   9.59   8.02   9.30      0.3000  0.6300  1.5100  6.4600  4.4700  7.0100
 1.27   1.24   1.30   1.26   1.18   1.70   2.07   1.73   2.01   1.67   1.80   2.40      0.4100  0.7200  0.5700  0.8300  0.5700  1.0000
 0.07   0.10   0.07   0.27   0.53   0.83   0.07   0.14   0.14   0.46   0.89   1.34      0.0700  0.0500  0.0000  0.0900  0.1700  0.3000
   NA     NA     NA     NA     NA     NA     NA     NA     NA     NA     NA     NA          NA      NA      NA      NA      NA      NA
 0.26   1.11   2.93   2.79   1.64   1.75   0.26   1.56   4.36   4.34   2.58   2.73      0.2600  0.6000  1.3900  1.1100  0.6100  0.6800
 4.03   5.03   6.24   7.73   9.88  11.60   4.30   5.16   6.33   7.57   9.20  10.59      3.7700  4.9100  6.1500  7.9000  10.550  12.580
   NA     NA     NA     NA     NA     NA     NA     NA     NA     NA     NA     NA          NA      NA      NA      NA      NA      NA
 0.00   0.31   1.36   1.92   2.31   2.94   0.00   0.59   2.02   2.77   3.28   3.98      0.0000  0.0000  0.6600  1.0300  1.3200  1.8900
 0.21   0.35   0.64   0.63   0.59   0.77   0.32   0.50   0.88   0.85   0.80   1.01      0.0900  0.1800  0.3700  0.3700  0.3700  0.5200
 0.33   0.64   0.87   1.83   3.15   5.15   0.60   1.11   1.49   3.03   5.01   7.86      0.0600  0.1700  0.2400  0.6100  1.2700  2.4300
 2.15   2.19   2.62   2.90   4.73   5.59   3.62   3.65   4.14   4.40   6.77   8.18      0.5200  0.5300  0.7800  1.1500  2.4300  2.7500
 0.60   0.85   1.10   1.80   2.89   5.02   0.90   1.23   1.51   2.30   3.41   6.14      0.3000  0.4900  0.7000  1.3100  2.3900  3.9400
   NA     NA     NA   2.87   1.94   1.84     NA     NA     NA   3.22   2.15   1.94          NA      NA      NA  1.6900  1.1400  1.4500
 0.12   0.10   0.08   0.07   0.14   0.27   0.24   0.19   0.16   0.15   0.31   0.62      0.0000  0.0000  0.0000  0.0000  0.0100  0.0400
 1.25   1.59   1.47   2.05   1.87   3.23   2.42   3.02   2.66   3.59   3.23   5.04      0.3300  0.4600  0.5100  0.7800  0.7500  1.7100
 3.25   3.66   2.11   5.85   7.36   9.05   4.83   5.54   3.91   8.43  10.51  12.64      1.7900  1.9300  0.4800  3.5100  4.5000  5.8000
 0.93   1.75   2.57   5.14   4.54   4.25   1.62   2.58   3.52   6.55   5.71   5.39      0.3000  1.0000  1.7000  3.8100  3.4200  3.1900
 8.63   8.34   8.27   8.54   9.47  10.21   9.61   9.52   9.69  10.33  11.60  12.48      7.7100  7.2300  6.9200  6.8600  7.4700  8.0800
 2.37   2.61   3.53   4.19   6.89   7.99   2.88   3.17   4.48   5.20   8.66  10.23      1.9500  2.1300  2.7200  3.3100  5.3400  6.0000
 1.08   1.36   1.38   2.55   4.35   5.40   1.86   2.25   2.25   3.99   6.18   7.46      0.3800  0.5700  0.6100  1.2300  2.6900  3.5500
 1.04   1.36   1.76   3.12   3.91   4.37   1.48   2.07   2.80   5.15   6.27   7.00      0.6900  0.7700  0.8900  1.4000  1.9100  2.1000
 2.40   2.88   3.75   5.22   7.30   8.32   3.88   4.57   5.76   7.60  10.07  11.12      1.0700  1.3800  1.9500  3.0800  4.7800  5.7700
 3.28   3.38   4.92   5.70   6.75   7.39   5.49   5.49   7.47   8.40   9.00   9.46      1.3400  1.5300  2.6800  3.3100  4.7800  5.5800
 2.10   2.33   2.64   3.09   4.01   5.24   3.42   3.83   4.33   5.07   6.30   7.59      0.7500  0.8300  1.0200  1.2200  1.8200  2.9400
 2.33   2.55   2.61   3.24   4.48   5.46   3.13   3.49   3.55   4.52   5.95   7.28      1.5500  1.6300  1.6800  2.0200  3.0400  3.6900
 1.19   1.40   1.47   2.42   2.32   3.81   1.98   2.29   2.33   3.67   3.41   5.43      0.4700  0.6000  0.7000  1.2900  1.3500  2.3700
   NA     NA     NA     NA     NA     NA     NA     NA     NA     NA     NA     NA          NA      NA      NA      NA      NA      NA
 1.83   1.60   1.85   2.16   2.33   2.27   3.15   2.83   3.12   3.47   3.70   3.58      0.7300  0.6000  0.7900  1.0300  1.1000  1.0600
 0.74   1.55   4.08   5.14   6.40   7.80   1.32   2.62   6.01   7.74   9.63  11.46      0.1900  0.5300  2.2400  2.6600  3.3400  4.3500
 0.85   1.05   2.94   3.78   5.30   6.01   1.60   1.89   4.52   5.68   7.92   8.80      0.1300  0.2500  1.4400  1.9800  2.8200  3.3900
 2.76   3.50   4.66   5.18   4.92   6.43   4.16   4.75   5.82   6.35   6.16   7.27      1.5600  2.4300  3.6500  4.1400  3.8200  5.6800
 0.52   0.57   0.47   1.00   1.66   2.12   0.98   1.04   0.85   1.69   2.75   3.32      0.1300  0.1700  0.1700  0.4400  0.7400  1.0800
 0.45   1.03   2.10   2.46   4.03   3.97   0.86   1.74   3.30   3.91   5.63   5.35      0.0900  0.4100  1.0300  1.1700  2.5700  2.7100
 4.25   4.34   4.71   5.61   8.73   9.58   5.16   5.36   5.90   7.14  10.99  11.82      3.3700  3.3500  3.5500  4.1500  6.5800  7.4800
 5.33   5.14   1.64   2.17   6.24   6.70   7.69   7.60   3.04   3.87  10.36  10.98      3.1800  2.9400  0.3700  0.6100  2.5200  2.8000
 0.34   0.62   0.92   1.02   2.04   2.31   0.59   1.11   1.56   1.74   3.40   3.70      0.0900  0.1400  0.2600  0.2800  0.7000  0.8500
 1.02   1.43   2.02   6.24   6.71   7.24   1.60   2.32   3.27   9.04   9.72  10.47      0.5100  0.6500  0.9100  3.7400  4.0100  4.3300
 1.12   2.17   3.37   4.68   5.87   7.59   1.80   3.34   5.08   6.52   7.72   9.47      0.5200  1.1300  1.8200  3.0100  4.1700  5.8500
 2.03   2.66  12.19  11.77  11.79  12.16   2.91   3.95  19.83  18.96  15.12  15.51      1.1600  1.4000  4.6700  4.7500  8.5900  8.9500
 4.35   3.41   2.68   2.24   2.46   3.05   5.23   4.19   3.32   2.82   3.13   3.86      3.3100  2.5700  2.0100  1.6400  1.7800  2.2400
 1.44   1.89   2.36   7.74  11.78  11.67   2.14   2.73   3.34   9.52  13.49  13.63      0.7500  1.0700  1.4300  6.0400  10.160  9.8300
 0.25   0.20   0.17   0.20   0.48   0.64   0.33   0.27   0.22   0.31   0.93   1.13      0.1600  0.1300  0.1100  0.0700  0.0000  0.1100
   NA     NA     NA   1.08     NA     NA     NA     NA     NA     NA     NA     NA          NA      NA      NA  0.6600      NA      NA
   NA     NA     NA     NA     NA     NA     NA     NA     NA     NA     NA     NA          NA      NA      NA      NA      NA      NA
   NA     NA     NA     NA     NA     NA     NA     NA     NA     NA     NA     NA          NA      NA      NA      NA      NA      NA
   NA   0.34   3.05   1.49   2.03     NA     NA     NA     NA     NA     NA     NA          NA  0.2000  2.2400  0.8600  1.8400      NA

