 0.850   0.627   0.799   1.110   1.868   2.394   1.065   0.701   1.488   1.792   2.593   3.263   0.635   0.555   0.220   0.520   1.224   1.632
    NA      NA      NA      NA      NA      NA      NA      NA      NA      NA      NA      NA      NA      NA      NA      NA      NA      NA
    NA      NA      NA   0.364   0.652   0.698      NA      NA      NA   0.573   0.979   1.057      NA      NA      NA   0.166   0.344   0.360
 1.271   1.321   1.343   1.835   2.290   3.700   1.511   1.513   1.343   2.027   2.332   4.812   1.087   1.182   1.342   1.697   2.256   2.807
    NA      NA      NA      NA      NA      NA      NA      NA      NA      NA      NA      NA      NA      NA      NA      NA      NA      NA
    NA      NA      NA      NA      NA      NA      NA      NA      NA      NA      NA      NA      NA      NA      NA      NA      NA      NA
    NA      NA      NA   1.246   1.758   2.230      NA      NA      NA   1.961   2.538   2.957      NA      NA      NA   0.580   1.029   1.548
    NA      NA      NA      NA      NA      NA      NA      NA      NA      NA      NA      NA      NA      NA      NA      NA      NA      NA
    NA      NA   0.337   0.510   0.812   1.261      NA      NA   0.655   0.936   1.358   1.824      NA      NA   0.058   0.132   0.330   0.764
    NA      NA      NA      NA      NA      NA      NA      NA      NA      NA      NA      NA      NA      NA      NA      NA      NA      NA
    NA      NA      NA      NA      NA      NA      NA      NA      NA      NA      NA      NA      NA      NA      NA      NA      NA      NA
    NA      NA      NA      NA   2.279   3.143      NA      NA      NA      NA   3.735   4.425      NA      NA      NA      NA   0.941   1.975
    NA      NA      NA   1.320      NA      NA      NA      NA      NA   2.027      NA      NA      NA      NA      NA   0.626      NA      NA
    NA      NA      NA      NA      NA      NA      NA      NA      NA      NA      NA      NA      NA      NA      NA      NA      NA      NA
    NA      NA      NA      NA      NA      NA      NA      NA      NA      NA      NA      NA      NA      NA      NA      NA      NA      NA
    NA      NA      NA   0.503   0.654   0.837      NA      NA      NA   0.742   0.970   1.250      NA      NA      NA   0.275   0.356   0.450
 0.690   1.169   2.027   2.080   2.382   3.216   1.129   1.861   3.170   3.074   3.194   4.287   0.276   0.516   0.945   1.137   1.611   2.197
    NA      NA      NA      NA      NA      NA      NA      NA      NA      NA      NA      NA      NA      NA      NA      NA      NA      NA
    NA      NA      NA   0.150   0.261   0.560      NA      NA      NA   0.158   0.261   0.754      NA      NA      NA   0.143   0.260   0.378
    NA      NA      NA      NA      NA      NA      NA      NA      NA      NA      NA      NA      NA      NA      NA      NA      NA      NA
 1.161   1.136   1.306   1.428   2.444   3.093   1.731   1.659   1.902   2.080   3.618   4.374   0.590   0.619   0.722   0.794   1.306   1.855
 2.479   2.710   2.812   2.958   3.270   3.508   2.713   2.871   2.698   2.607   3.290   3.588   2.286   2.574   2.909   3.256   3.253   3.440
 0.562   0.698   0.642   1.174   1.345   1.845   0.873   1.104   1.142   1.823   2.077   2.762   0.267   0.308   0.153   0.529   0.606   0.914
    NA      NA      NA      NA      NA      NA      NA      NA      NA      NA      NA      NA      NA      NA      NA      NA      NA      NA
 1.615   1.658   1.950   2.190   2.271   2.577   2.459   2.468   2.852   3.071   3.301   3.661   0.858   0.930   1.142   1.398   1.364   1.633
    NA      NA   0.165   0.304   0.570   0.819      NA      NA   0.302   0.493   0.963   1.262      NA      NA   0.040   0.132   0.220   0.422
    NA      NA      NA      NA      NA      NA      NA      NA      NA      NA      NA      NA      NA      NA      NA      NA      NA      NA
 2.437   2.940   3.336   3.709   4.307   4.590   2.996   3.809   4.181   4.724   5.351   5.522   1.916   2.136   2.545   2.793   3.385   3.686
    NA      NA      NA      NA      NA      NA      NA      NA      NA      NA      NA      NA      NA      NA      NA      NA      NA      NA
 0.402   0.441   0.716   0.781   0.861   1.077   0.615   0.662   1.042   1.110   1.171   1.621   0.206   0.237   0.415   0.477   0.573   0.571
 0.846   0.691   0.574   0.506   0.504   0.541   1.402   1.147   0.950   0.831   0.799   0.836   0.334   0.272   0.226   0.206   0.231   0.266
    NA      NA      NA      NA      NA      NA      NA      NA      NA      NA      NA      NA      NA      NA      NA      NA      NA      NA
    NA      NA      NA   0.748   0.988   0.836      NA      NA      NA   1.277   1.502   1.516      NA      NA      NA   0.246   0.501   0.193
 1.545   1.343   1.662   1.912   1.989   2.393   2.050   1.808   2.214   2.552   2.676   3.177   1.054   0.890   1.122   1.284   1.317   1.627
 3.108      NA   4.095      NA      NA      NA      NA      NA      NA      NA      NA      NA   3.164      NA   4.070      NA      NA      NA
 0.528   0.727   0.934   1.517   1.577   1.721   0.745   1.020   1.304   2.085   2.181   2.385   0.327   0.456   0.591   0.991   1.016   1.108
    NA      NA      NA      NA      NA      NA      NA      NA      NA      NA      NA      NA      NA      NA      NA      NA      NA      NA
 4.064   4.101   4.466   4.530   4.613   4.955   4.055   4.310   4.637   4.837   4.985   5.506   4.072   3.903   4.306   4.243   4.262   4.431
 0.274   0.301   0.363   0.481   0.640   0.909   0.519   0.568   0.663   0.830   1.035   1.408   0.038   0.043   0.073   0.144   0.257   0.423
 1.663   1.594   1.808   3.024   3.020   3.772   1.986   1.729   2.075   3.378   3.534   4.384   1.372   1.469   1.558   2.689   2.550   3.207
 1.337   1.987   2.111   1.946   2.425   2.286   1.772   2.778   2.938   2.726   3.087   2.874   0.944   1.263   1.347   1.220   1.809   1.737
 0.208   0.347   0.485   0.937   1.623   2.132   0.397   0.631   0.828   1.513   2.539   3.198   0.031   0.084   0.166   0.403   0.770   1.136
 0.446   0.706   0.901   1.250   1.918   2.478   0.807   1.138   1.493   1.858   2.854   3.532   0.081   0.257   0.358   0.633   0.989   1.432
 1.150   1.138   1.047   1.263   1.641   1.917   1.757   1.807   1.671   1.958   2.439   2.825   0.570   0.502   0.453   0.605   0.886   1.057
 0.618   0.841   1.085   1.369   1.738   2.243   1.204   1.597   1.981   2.367   2.776   3.444   0.137   0.209   0.321   0.502   0.808   1.153
 1.643   2.093   2.119   2.559   3.459   4.349   2.520   3.210   3.180   3.370   3.726   5.323   0.822   1.050   1.128   1.796   3.204   3.445
 1.667   1.802   1.856   2.147   2.395   2.627   2.039   2.386   2.454   2.843   3.126   3.370   1.309   1.237   1.274   1.474   1.693   1.916
    NA      NA      NA      NA      NA      NA      NA      NA      NA      NA      NA      NA      NA      NA      NA      NA      NA      NA
 5.505   6.428   9.061   8.308   6.745   7.480   5.927   6.547   9.021   7.817   6.907   7.569   5.200   6.341   9.092   8.722   6.614   7.406
 8.071   8.317   8.554   9.497  10.158  10.369   7.930   8.249   8.517   9.578  10.275  10.493   8.215   8.384   8.590   9.419  10.047  10.253
 3.472   3.833   3.611   4.480   4.814   5.333   3.447   3.860   3.651   4.547   4.909   5.381   3.497   3.807   3.572   4.413   4.719   5.286
 3.888      NA   3.901      NA   4.412      NA      NA      NA      NA      NA      NA      NA   3.990      NA   3.797      NA   4.301      NA
 2.375   2.557   2.866   3.314   3.709   4.177   2.572   2.633   3.080   3.501   3.881   4.440   2.170   2.478   2.645   3.121   3.531   3.905
 1.700   1.900   2.157   2.729   3.283   3.574   1.952   2.084   2.172   3.004   3.504   4.131   1.455   1.720   2.142   2.463   3.082   3.078
    NA      NA      NA      NA      NA      NA      NA      NA      NA      NA      NA      NA      NA      NA      NA      NA      NA      NA
 1.155   1.426   1.714   1.885   2.342   2.591   1.291   1.622   2.004   2.211   2.715   3.007   1.017   1.227   1.420   1.555   1.966   2.175
 0.691   0.821   0.958   1.176   1.455   1.621   1.006   1.104   1.256   1.512   1.782   1.975   0.406   0.565   0.689   0.871   1.160   1.303
 1.686   1.837   1.947   2.092   2.698   3.561   1.895   2.033   2.221   2.262   2.880   3.668   1.479   1.643   1.677   1.925   2.518   3.454
 2.463   2.665   3.202   3.413   3.602   4.162   2.456   2.653   3.173   3.356   3.544   4.032   2.469   2.675   3.227   3.463   3.657   4.282
 2.405   2.789   3.307   3.470   3.512   4.418   2.691   3.426   4.061   4.174   3.860   4.798   2.132   2.182   2.590   2.800   3.182   4.058
 2.074   2.148   2.424   2.359   2.735   3.776   2.194   2.210   2.917   2.463   2.868   4.009   1.962   2.090   1.954   2.260   2.610   3.553
 4.263   4.295   4.560   5.135   5.982   6.300   4.347   4.244   4.622   5.047   6.039   6.239   4.174   4.349   4.494   5.227   5.923   6.364
 3.715      NA      NA      NA   4.090      NA      NA      NA      NA      NA      NA      NA   3.801      NA      NA      NA   4.020      NA
 4.405      NA      NA      NA   4.820      NA      NA      NA      NA      NA      NA      NA   4.370      NA      NA      NA   4.708      NA
 4.599   4.608   4.560   5.300   6.599   6.503   4.832   4.837   4.821   5.493   6.671   6.660   4.372   4.385   4.313   5.115   6.529   6.351
 8.667   9.359  10.143  10.771  11.888  11.787   8.594   9.389  10.290  10.913  11.927  11.826   8.735   9.332  10.011  10.644  11.853  11.753
 4.985   5.336   5.893   6.024   6.630   6.676   5.209   5.549   6.110   6.037   6.551   6.713   4.754   5.122   5.680   6.012   6.706   6.641
 3.089   3.774   3.656   3.745   3.971   4.285   4.078   5.054   4.855   4.811   5.011   5.013   2.147   2.568   2.525   2.745   2.999   3.607
 2.642   2.605   2.920   2.780   2.976   3.486   2.942   2.857   3.190   2.981   3.125   3.592   2.347   2.356   2.653   2.583   2.829   3.383
 4.997   5.018   5.383   5.554   5.986   6.450   5.203   5.186   5.470   5.592   6.161   6.553   4.805   4.864   5.304   5.520   5.825   6.356
 2.677   3.001   3.114   3.975   4.233   4.533   2.959   3.262   3.422   4.193   4.463   4.571   2.414   2.759   2.826   3.770   4.017   4.497
 2.952   3.183   3.101   3.987   5.401   5.584   3.295   3.500   3.223   4.296   5.784   5.982   2.623   2.876   2.982   3.684   5.023   5.192
 4.514   4.188   3.971   4.357   4.603   5.109   4.721   3.990   4.289   4.691   4.918   5.165   4.312   4.379   3.663   4.030   4.301   5.057
 3.352   3.544   3.738   4.248   4.627   4.704   3.841   4.009   4.149   4.590   4.918   4.996   2.898   3.111   3.356   3.924   4.342   4.411
 3.000   3.283   3.750   4.363   5.442   5.786   3.739   4.037   4.525   5.149   6.281   6.682   2.267   2.536   2.982   3.585   4.611   4.901
    NA      NA      NA      NA      NA      NA      NA      NA      NA      NA      NA      NA      NA      NA      NA      NA      NA      NA
 4.277   4.574   4.786   5.686   5.800   6.454   4.368   4.595   4.654   5.599   5.737   6.387   4.187   4.553   4.912   5.768   5.858   6.514
 2.530   2.636   2.925   3.770   4.930   5.368   2.990   3.037   3.240   4.048   5.201   5.628   2.059   2.229   2.609   3.491   4.659   5.108
 0.979   0.819   0.725   0.727   0.836   1.060   1.633   1.367   1.214   1.222   1.466   1.887   0.304   0.248   0.211   0.204   0.173   0.185
 1.284   1.359   1.735   2.253   3.969   4.419   1.638   1.788   2.263   2.858   4.447   4.763   0.802   0.901   1.035   1.447   3.041   3.727
 0.794   0.948   0.845   1.021   1.681   1.974   1.300   1.536   1.374   1.671   2.564   2.943   0.171   0.247   0.235   0.293   0.716   0.932
 1.010   0.995   1.123   0.985   1.464   2.019   1.361   1.333   1.624   1.308   1.863   2.530   0.671   0.668   0.638   0.671   1.077   1.531
    NA      NA      NA      NA      NA      NA      NA      NA      NA      NA      NA      NA      NA      NA      NA      NA      NA      NA
 5.189   4.904   5.166   5.617   6.734   7.511   7.023   6.780   6.900   7.045   7.966   8.529   3.355   3.104   3.480   4.128   5.387   6.446
 1.427   1.629   1.899   2.405   2.715   3.046   2.237   2.490   2.906   3.667   3.990   4.031   0.557   0.708   0.831   1.070   1.365   2.001
 1.107   1.598   2.285   2.631   3.086   3.750   1.684   2.284   3.123   3.501   3.923   3.711   0.534   0.927   1.477   1.800   2.289   3.787
 0.452   0.843   1.216   1.881   2.323   3.281   0.594   1.262   1.768   2.708   3.186   4.244   0.309   0.423   0.663   1.093   1.452   2.308
 0.214   0.399   1.126   1.839   2.456   3.039   0.350   0.637   1.772   2.833   3.661   4.434   0.076   0.155   0.471   0.832   1.233   1.621
 6.842   7.098   7.622   8.150   9.135   9.410   7.699   7.865   8.342   8.827   9.842   9.910   5.991   6.345   6.925   7.503   8.466   8.940
 6.710   6.882   6.800   7.291   8.166   8.458   7.196   7.355   7.201   7.700   8.604   8.923   6.267   6.449   6.431   6.912   7.760   8.028
 1.396   1.745   1.607   2.759   2.933   4.308   2.106   2.595   2.001   3.757   4.126   5.568   0.652   0.865   1.201   1.718   1.702   3.014
 3.231   4.426   5.583   5.929   6.849   7.850   4.581   5.810   6.852   7.308   8.253   9.172   2.036   3.162   4.394   4.611   5.502   6.594
 1.596   2.281   2.861   5.729   4.294   5.276   1.714   2.548   3.320   5.318   4.597   5.255   1.316   1.699   2.049   6.345   3.756   5.313
 2.336   2.820   3.404   4.042   4.489   5.361   3.654   3.998   3.983   5.179   6.321   7.046   0.925   1.588   2.809   2.874   2.645   3.707
 0.072   0.103   0.040   0.376   0.526   0.858   0.073   0.154   0.081   0.640   0.744   1.272   0.071   0.052   0.000   0.115   0.300   0.439
    NA      NA      NA      NA      NA      NA      NA      NA      NA      NA      NA      NA      NA      NA      NA      NA      NA      NA
 0.628   1.121   1.679   1.693   1.737   1.920   0.630   1.527   2.631   2.620   2.660   2.856   0.625   0.670   0.644   0.693   0.720   0.892
 3.776   4.222   4.833   5.412   6.000   6.481   4.257   4.661   5.204   5.646   6.159   6.656   3.322   3.802   4.465   5.181   5.843   6.312
    NA      NA      NA      NA      NA      NA      NA      NA      NA      NA      NA      NA      NA      NA      NA      NA      NA      NA
 2.987   3.250   3.780   4.062   3.691   4.553   4.077   4.482   5.105   5.146   4.493   5.179   1.684   1.902   2.397   2.945   2.876   3.918
 3.426   4.052   4.950   5.071   5.183   5.371   4.098   4.860   5.745   5.751   5.700   5.800   2.614   3.116   4.021   4.301   4.639   4.939
 0.994   1.374   1.670   2.278   3.106   3.987   1.618   2.200   2.657   3.534   4.623   5.478   0.346   0.540   0.673   1.017   1.577   2.485
 3.239   3.807   4.381   4.992   6.365   6.999   4.488   5.211   5.714   6.180   7.470   8.228   1.847   2.213   2.776   3.602   5.115   5.647
 3.451   3.242   3.540   3.764   3.765   5.081   4.310   4.027   4.267   4.329   4.259   5.556   2.605   2.478   2.841   3.226   3.290   4.624
    NA      NA      NA   3.776      NA      NA      NA      NA      NA   3.990      NA      NA      NA      NA      NA   3.063      NA      NA
    NA      NA      NA   0.086   0.156   0.812      NA      NA      NA   0.187   0.353   1.981      NA      NA      NA   0.008   0.016   0.045
 3.651   4.002   5.922   6.094   6.224   6.642   4.075   4.490   7.203   7.298   7.270   7.627   3.319   3.615   4.887   5.107   5.361   5.820
 7.362   7.592   7.711   8.364   8.794   9.152   7.623   7.898   8.021   8.739   9.167   9.547   7.120   7.311   7.430   8.022   8.454   8.792
 4.293   4.839   5.560   7.258   7.152   7.128   5.494   5.785   6.316   7.651   7.474   7.379   3.186   3.978   4.867   6.887   6.845   6.892
 9.384   9.508   9.626   9.913  10.139  10.331   9.135   9.454   9.780  10.270  10.530  10.709   9.620   9.559   9.481   9.577   9.773   9.979
 7.447   7.777   8.335   8.809   9.609   9.491   7.601   7.923   8.514   8.979   9.799   9.793   7.317   7.653   8.181   8.661   9.443   9.223
 4.057   4.711   4.763   5.223   5.968   6.523   4.209   4.823   4.896   5.363   6.279   6.822   3.923   4.612   4.643   5.096   5.685   6.253
 7.622   7.916   8.141   8.208   8.457   8.544   7.832   8.196   8.464   8.570   8.830   8.943   7.455   7.684   7.871   7.903   8.141   8.202
 4.415   5.018   5.185   5.849   6.556   6.727   5.355   5.857   6.029   6.603   7.402   7.497   3.569   4.276   4.431   5.170   5.786   6.025
 6.646   6.992   7.895   8.266  10.793  10.745   7.126   7.391   8.198   9.934  11.089  11.124   6.225   6.643   7.629   6.794  10.533  10.413
 5.677   5.980   6.374   6.863   7.398   7.889   5.864   6.260   6.729   7.324   7.864   8.344   5.486   5.700   6.033   6.426   6.955   7.441
 6.448   6.449   6.519   6.729   7.605   8.008   6.304   6.367   6.503   6.806   7.620   8.018   6.588   6.529   6.535   6.656   7.590   7.998
 4.560   4.830   5.215   5.314   5.830   6.276   4.959   5.258   5.680   5.788   6.346   6.814   4.196   4.441   4.795   4.887   5.367   5.796
    NA      NA      NA      NA      NA      NA      NA      NA      NA      NA      NA      NA      NA      NA      NA      NA      NA      NA
 5.114   5.133   5.521   5.872   6.341   6.895   5.644   5.687   6.028   6.316   6.822   7.413   4.671   4.683   5.102   5.489   5.911   6.420
 5.365   5.693   7.674   7.895   8.199   8.572   5.626   6.010   8.137   8.401   8.748   9.123   5.119   5.391   7.231   7.414   7.679   8.052
 5.626   5.863   6.757  10.191  10.316  10.382   5.913   6.115   7.177  10.425  10.590  10.607   5.352   5.623   6.358   9.970  10.057  10.171
 6.738   7.003   7.558   8.048   8.653   8.412   7.384   7.563   8.056   8.496   9.072   8.912   6.185   6.518   7.126   7.655   8.283   7.966
 1.939   1.783   1.210   2.068   3.230   3.827   2.412   2.204   1.566   2.581   3.722   4.287   1.535   1.430   0.920   1.657   2.816   3.428
 3.429   3.851   4.781   4.400   5.152   5.585   3.687   4.188   5.307   5.105   5.912   6.081   3.201   3.553   4.312   3.771   4.464   5.133
 7.580   7.616   7.466   7.896   9.469   9.447   7.702   7.920   7.719   7.854   9.739   9.652   7.463   7.323   7.221   7.935   9.213   9.253
 6.866   6.862   6.220   6.260   9.666   9.088   7.282   7.326   6.544   6.557  10.394   9.906   6.486   6.445   5.925   5.991   9.008   8.346
 1.945   2.156   1.965   2.122   2.616   3.294   2.751   3.128   2.809   2.930   3.607   4.160   1.156   1.191   1.104   1.286   1.638   2.376
 7.737   7.272   7.319   8.166   8.345   8.648   7.708   7.234   7.313   8.280   8.436   8.770   7.763   7.306   7.325   8.065   8.264   8.538
 4.242   5.429   5.280   5.926   6.527   7.164   5.084   6.555   6.406   7.249   7.784   8.358   3.500   4.423   4.265   4.721   5.375   6.054
 8.930   8.942  10.094  10.006  10.076  10.241   9.007   9.098  10.693  10.579   9.909  10.121   8.853   8.788   9.504   9.446  10.236  10.356
 4.937   6.400   5.115   5.117   6.020   6.756   5.475   7.241   5.812   5.806   6.734   7.203   4.310   5.493   4.386   4.415   5.301   6.306
 9.612   9.540   9.693  11.158  12.141  12.039   9.764   9.702  10.030  11.535  12.358  12.334   9.463   9.383   9.371  10.798  11.935  11.761
 1.351   1.165   0.728   0.893   0.982   1.654   1.869   1.340   0.959   1.061   1.354   2.136   0.766   0.970   0.469   0.703   0.585   1.140
    NA      NA      NA   2.530      NA      NA      NA      NA      NA      NA      NA      NA      NA      NA      NA   1.848      NA      NA
    NA      NA      NA      NA      NA      NA      NA      NA      NA      NA      NA      NA      NA      NA      NA      NA      NA      NA
    NA      NA      NA      NA      NA      NA      NA      NA      NA      NA      NA      NA      NA      NA      NA      NA      NA      NA
    NA   6.008   6.458      NA   6.871      NA      NA      NA      NA      NA      NA      NA      NA   5.644   6.156      NA   6.910      NA

