 0.013   0.013   0.010   0.021   0.039   0.075   0.020   0.022   0.018   0.037   0.068   0.129   0.005   0.005   0.003   0.007   0.013   0.028
    NA      NA      NA      NA      NA      NA      NA      NA      NA      NA      NA      NA      NA      NA      NA      NA      NA      NA
 0.011   0.009   0.007   0.006   0.011   0.020   0.017   0.014   0.011   0.010   0.018   0.033   0.005   0.004   0.003   0.003   0.003   0.008
 0.007   0.007   0.021   0.018   0.018   0.025   0.012   0.012   0.032   0.029   0.031   0.040   0.003   0.003   0.014   0.011   0.007   0.012
    NA      NA      NA      NA      NA      NA      NA      NA      NA      NA      NA      NA      NA      NA      NA      NA      NA      NA
    NA      NA      NA      NA      NA      NA      NA      NA      NA      NA      NA      NA      NA      NA      NA      NA      NA      NA
 0.009   0.008   0.008   0.010   0.016   0.023   0.013   0.013   0.014   0.017   0.028   0.040   0.005   0.004   0.003   0.003   0.005   0.007
    NA      NA      NA      NA      NA      NA      NA      NA      NA      NA      NA      NA      NA      NA      NA      NA      NA      NA
 0.011   0.009   0.008   0.007   0.008   0.013   0.018   0.015   0.012   0.011   0.014   0.023   0.006   0.005   0.004   0.003   0.003   0.003
    NA      NA      NA      NA      NA      NA      NA      NA      NA      NA      NA      NA      NA      NA      NA      NA      NA      NA
    NA      NA      NA      NA      NA      NA      NA      NA      NA      NA      NA      NA      NA      NA      NA      NA      NA      NA
 0.111   0.094   0.084   0.080   0.085   0.107   0.164   0.140   0.127   0.127   0.140   0.182   0.063   0.052   0.044   0.037   0.034   0.038
 0.029   0.055   0.088   0.128   0.208   0.303   0.058   0.103   0.154   0.210   0.319   0.445   0.000   0.007   0.023   0.047   0.100   0.162
    NA      NA      NA      NA      NA      NA      NA      NA      NA      NA      NA      NA      NA      NA      NA      NA      NA      NA
    NA      NA      NA      NA      NA      NA      NA      NA      NA      NA      NA      NA      NA      NA      NA      NA      NA      NA
 0.013   0.011   0.009   0.007   0.006   0.005   0.021   0.017   0.013   0.011   0.009   0.007   0.006   0.005   0.004   0.003   0.003   0.002
 0.025   0.020   0.014   0.017   0.022   0.027   0.040   0.034   0.026   0.031   0.039   0.045   0.010   0.008   0.003   0.004   0.005   0.009
    NA      NA      NA      NA      NA      NA      NA      NA      NA      NA      NA      NA      NA      NA      NA      NA      NA      NA
 0.008   0.006   0.005   0.004   0.004   0.003   0.008   0.007   0.005   0.004   0.004   0.003   0.007   0.006   0.005   0.004   0.003   0.003
    NA      NA      NA      NA      NA      NA      NA      NA      NA      NA      NA      NA      NA      NA      NA      NA      NA      NA
 0.011   0.009   0.010   0.014   0.017   0.020   0.014   0.011   0.009   0.018   0.024   0.030   0.007   0.008   0.010   0.010   0.010   0.011
 0.003   0.004   0.006   0.004   0.007   0.018   0.007   0.009   0.011   0.004   0.007   0.014   0.000   0.000   0.001   0.004   0.007   0.021
 0.035   0.037   0.029   0.052   0.054   0.059   0.053   0.055   0.044   0.076   0.080   0.086   0.018   0.019   0.014   0.028   0.028   0.031
    NA      NA      NA      NA      NA      NA      NA      NA      NA      NA      NA      NA      NA      NA      NA      NA      NA      NA
 0.000   0.000   0.000   0.008   0.010   0.014   0.000   0.000   0.000   0.012   0.018   0.023   0.000   0.000   0.000   0.004   0.004   0.006
 0.011   0.009   0.007   0.007   0.010   0.010   0.017   0.013   0.011   0.011   0.017   0.018   0.006   0.005   0.004   0.003   0.003   0.003
    NA      NA      NA      NA      NA      NA      NA      NA      NA      NA      NA      NA      NA      NA      NA      NA      NA      NA
 0.037   0.033   0.034   0.058   0.102   0.087   0.054   0.051   0.056   0.095   0.161   0.131   0.021   0.017   0.013   0.024   0.050   0.044
    NA      NA      NA      NA      NA      NA      NA      NA      NA      NA      NA      NA      NA      NA      NA      NA      NA      NA
 0.002   0.002   0.002   0.004   0.004   0.004   0.004   0.003   0.004   0.007   0.007   0.007   0.000   0.000   0.000   0.000   0.000   0.001
 0.007   0.006   0.004   0.004   0.004   0.005   0.015   0.012   0.009   0.007   0.007   0.010   0.000   0.000   0.000   0.000   0.000   0.001
    NA      NA      NA      NA      NA      NA      NA      NA      NA      NA      NA      NA      NA      NA      NA      NA      NA      NA
 0.018   0.015   0.012   0.011   0.011   0.011   0.030   0.024   0.021   0.019   0.019   0.019   0.007   0.005   0.004   0.004   0.003   0.003
 0.022   0.021   0.023   0.029   0.037   0.050   0.022   0.024   0.029   0.040   0.056   0.079   0.022   0.019   0.017   0.017   0.019   0.022
 0.025      NA   0.093      NA      NA      NA      NA      NA      NA      NA      NA      NA   0.010      NA   0.059      NA      NA      NA
 0.011   0.012   0.014   0.018   0.019   0.020   0.019   0.020   0.022   0.026   0.029   0.032   0.003   0.005   0.006   0.010   0.010   0.009
    NA      NA      NA      NA      NA      NA      NA      NA      NA      NA      NA      NA      NA      NA      NA      NA      NA      NA
 0.000   0.047   0.132   0.109   0.050   0.082   0.000   0.060   0.157   0.125   0.015   0.113   0.000   0.036   0.108   0.095   0.083   0.052
 0.002   0.004   0.008   0.015   0.023   0.031   0.003   0.008   0.016   0.028   0.041   0.052   0.000   0.000   0.001   0.003   0.006   0.012
 0.018   0.014   0.012   0.014   0.028   0.051   0.028   0.022   0.018   0.020   0.038   0.066   0.009   0.007   0.006   0.007   0.020   0.038
 0.131   0.103   0.081   0.065   0.053   0.045   0.200   0.155   0.122   0.098   0.081   0.069   0.069   0.054   0.043   0.034   0.028   0.023
 0.004   0.004   0.004   0.017   0.046   0.053   0.009   0.007   0.007   0.030   0.077   0.089   0.000   0.000   0.000   0.006   0.017   0.018
 0.027   0.027   0.033   0.046   0.068   0.106   0.048   0.045   0.057   0.071   0.109   0.161   0.007   0.008   0.011   0.020   0.028   0.052
 0.000   0.002   0.004   0.007   0.010   0.011   0.000   0.003   0.007   0.012   0.017   0.020   0.000   0.000   0.000   0.001   0.003   0.004
 0.000   0.001   0.002   0.007   0.015   0.021   0.001   0.002   0.005   0.014   0.030   0.038   0.000   0.000   0.000   0.001   0.002   0.005
 0.034   0.027   0.021   0.019   0.014   0.024   0.052   0.042   0.033   0.027   0.015   0.032   0.016   0.013   0.010   0.011   0.014   0.016
 0.032   0.026   0.021   0.023   0.030   0.034   0.056   0.045   0.036   0.040   0.053   0.049   0.009   0.008   0.007   0.006   0.009   0.020
    NA      NA      NA      NA      NA      NA      NA      NA      NA      NA      NA      NA      NA      NA      NA      NA      NA      NA
 0.020   0.027   0.040   0.067   0.111   0.186   0.039   0.045   0.062   0.100   0.169   0.232   0.007   0.013   0.024   0.039   0.064   0.147
 0.333   0.424   0.386   0.785   0.950   0.968   0.366   0.473   0.448   0.881   1.063   1.086   0.299   0.375   0.325   0.693   0.843   0.857
 0.090   0.104   0.104   0.195   0.281   0.392   0.097   0.114   0.114   0.207   0.318   0.445   0.083   0.095   0.095   0.183   0.245   0.338
 0.017      NA   0.037      NA   0.057      NA      NA      NA      NA      NA      NA      NA   0.007      NA   0.017      NA   0.034      NA
 0.027   0.039   0.064   0.094   0.145   0.217   0.040   0.054   0.083   0.115   0.169   0.248   0.014   0.024   0.044   0.073   0.121   0.184
 0.017   0.022   0.030   0.046   0.077   0.087   0.031   0.033   0.030   0.056   0.091   0.109   0.003   0.012   0.031   0.036   0.064   0.068
    NA      NA      NA      NA      NA      NA      NA      NA      NA      NA      NA      NA      NA      NA      NA      NA      NA      NA
 0.016   0.024   0.034   0.040   0.074   0.117   0.022   0.037   0.055   0.063   0.107   0.165   0.010   0.010   0.012   0.017   0.041   0.068
 0.008   0.009   0.010   0.015   0.024   0.026   0.008   0.013   0.015   0.022   0.037   0.040   0.008   0.006   0.007   0.008   0.013   0.014
 0.020   0.024   0.029   0.034   0.067   0.111   0.034   0.040   0.048   0.054   0.095   0.147   0.007   0.009   0.010   0.014   0.040   0.075
 0.017   0.027   0.036   0.056   0.067   0.095   0.028   0.037   0.049   0.066   0.074   0.103   0.007   0.017   0.024   0.046   0.061   0.087
 0.044   0.059   0.082   0.113   0.155   0.219   0.070   0.097   0.141   0.192   0.259   0.333   0.020   0.022   0.027   0.037   0.057   0.111
 0.017   0.020   0.032   0.066   0.115   0.196   0.034   0.038   0.055   0.100   0.162   0.256   0.002   0.003   0.011   0.034   0.071   0.138
 0.087   0.108   0.141   0.190   0.282   0.375   0.109   0.116   0.173   0.199   0.299   0.381   0.064   0.100   0.107   0.180   0.265   0.369
 0.010      NA      NA      NA   0.044      NA      NA      NA      NA      NA      NA      NA   0.003      NA      NA      NA   0.024      NA
 0.010      NA      NA      NA   0.047      NA      NA      NA      NA      NA      NA      NA   0.003      NA      NA      NA   0.031      NA
 0.024   0.029   0.040   0.062   0.097   0.112   0.037   0.044   0.061   0.087   0.131   0.145   0.010   0.014   0.020   0.037   0.064   0.080
 0.530   0.616   0.716   0.829   0.902   1.035   0.602   0.723   0.877   0.960   0.931   1.066   0.461   0.517   0.571   0.712   0.876   1.007
 0.096   0.120   0.128   0.167   0.195   0.264   0.135   0.166   0.175   0.203   0.201   0.267   0.056   0.074   0.082   0.132   0.190   0.261
 0.097   0.124   0.130   0.168   0.209   0.251   0.124   0.149   0.164   0.228   0.290   0.352   0.072   0.101   0.098   0.112   0.133   0.156
 0.068   0.061   0.067   0.144   0.168   0.214   0.107   0.095   0.102   0.184   0.202   0.245   0.030   0.027   0.033   0.105   0.134   0.183
 0.071   0.092   0.128   0.175   0.242   0.280   0.099   0.127   0.175   0.225   0.288   0.330   0.044   0.060   0.085   0.130   0.200   0.233
 0.037   0.040   0.051   0.111   0.145   0.191   0.063   0.069   0.085   0.164   0.204   0.246   0.012   0.014   0.019   0.061   0.090   0.139
 0.047   0.062   0.065   0.108   0.256   0.456   0.078   0.099   0.106   0.158   0.322   0.573   0.017   0.026   0.025   0.058   0.190   0.341
 0.013   0.019   0.034   0.044   0.061   0.067   0.017   0.029   0.054   0.069   0.092   0.094   0.010   0.008   0.014   0.019   0.031   0.042
 0.043   0.056   0.075   0.095   0.122   0.163   0.070   0.085   0.109   0.127   0.153   0.194   0.018   0.029   0.044   0.065   0.092   0.132
 0.087   0.110   0.151   0.225   0.340   0.402   0.128   0.155   0.201   0.289   0.419   0.503   0.047   0.066   0.102   0.161   0.261   0.303
    NA      NA      NA      NA      NA      NA      NA      NA      NA      NA      NA      NA      NA      NA      NA      NA      NA      NA
 0.022   0.054   0.082   0.212   0.251   0.303   0.018   0.057   0.091   0.192   0.245   0.262   0.026   0.051   0.073   0.231   0.256   0.339
 0.050   0.069   0.087   0.157   0.235   0.336   0.083   0.106   0.131   0.206   0.284   0.402   0.017   0.031   0.044   0.109   0.187   0.270
 0.106   0.084   0.069   0.058   0.109   0.096   0.161   0.128   0.104   0.087   0.193   0.168   0.049   0.039   0.032   0.027   0.020   0.019
 0.097   0.079   0.112   0.094   0.087   0.100   0.121   0.105   0.148   0.118   0.096   0.105   0.064   0.052   0.064   0.063   0.070   0.089
 0.020   0.020   0.022   0.031   0.044   0.057   0.037   0.037   0.039   0.055   0.075   0.096   0.000   0.000   0.001   0.003   0.010   0.014
 0.012   0.012   0.021   0.007   0.029   0.065   0.020   0.021   0.032   0.014   0.037   0.083   0.003   0.004   0.011   0.000   0.021   0.047
    NA      NA      NA      NA      NA      NA      NA      NA      NA      NA      NA      NA      NA      NA      NA      NA      NA      NA
 0.135   0.170   0.154   0.119   0.223   0.239   0.203   0.258   0.231   0.178   0.293   0.304   0.068   0.085   0.079   0.059   0.147   0.170
 0.000   0.019   0.037   0.068   0.085   0.125   0.000   0.030   0.063   0.113   0.131   0.185   0.001   0.007   0.010   0.022   0.037   0.060
 0.003   0.010   0.014   0.022   0.023   0.041   0.006   0.017   0.023   0.034   0.035   0.059   0.000   0.002   0.006   0.010   0.012   0.023
 0.016   0.030   0.034   0.049   0.074   0.087   0.028   0.054   0.059   0.081   0.112   0.128   0.004   0.006   0.010   0.018   0.036   0.046
 0.023   0.030   0.053   0.078   0.124   0.163   0.040   0.047   0.080   0.120   0.180   0.231   0.006   0.013   0.025   0.036   0.068   0.094
 0.291   0.335   0.435   0.519   0.679   0.707   0.386   0.427   0.524   0.610   0.776   0.782   0.197   0.244   0.349   0.431   0.588   0.636
 0.205   0.204   0.179   0.238   0.468   0.521   0.363   0.366   0.336   0.423   0.702   0.783   0.060   0.055   0.034   0.067   0.252   0.278
 0.026   0.054   0.032   0.040   0.216   0.353   0.043   0.086   0.029   0.060   0.339   0.494   0.008   0.020   0.035   0.019   0.090   0.209
 0.090   0.125   0.195   0.240   0.310   0.407   0.173   0.228   0.336   0.397   0.488   0.624   0.017   0.031   0.062   0.090   0.139   0.201
 0.040   0.069   0.153   0.417   0.337   0.423   0.050   0.086   0.195   0.466   0.393   0.452   0.016   0.033   0.080   0.343   0.237   0.372
 0.055   0.054   0.057   0.055   0.052   0.074   0.090   0.075   0.087   0.072   0.078   0.104   0.018   0.032   0.026   0.037   0.025   0.045
 0.003   0.005   0.003   0.013   0.026   0.040   0.003   0.007   0.007   0.022   0.043   0.065   0.003   0.003   0.000   0.004   0.009   0.015
    NA      NA      NA      NA      NA      NA      NA      NA      NA      NA      NA      NA      NA      NA      NA      NA      NA      NA
 0.011   0.048   0.127   0.120   0.071   0.076   0.011   0.067   0.188   0.187   0.111   0.118   0.011   0.026   0.060   0.048   0.026   0.029
 0.205   0.256   0.317   0.393   0.502   0.589   0.227   0.273   0.335   0.401   0.490   0.566   0.183   0.239   0.299   0.384   0.513   0.612
    NA      NA      NA      NA      NA      NA      NA      NA      NA      NA      NA      NA      NA      NA      NA      NA      NA      NA
 0.000   0.015   0.067   0.095   0.114   0.146   0.000   0.029   0.100   0.136   0.161   0.195   0.000   0.000   0.033   0.052   0.066   0.095
 0.012   0.020   0.037   0.036   0.034   0.044   0.018   0.028   0.048   0.047   0.044   0.055   0.006   0.011   0.023   0.024   0.023   0.033
 0.017   0.032   0.043   0.091   0.157   0.258   0.030   0.055   0.074   0.150   0.246   0.385   0.003   0.009   0.013   0.033   0.067   0.129
 0.128   0.130   0.155   0.172   0.281   0.331   0.212   0.214   0.242   0.255   0.389   0.470   0.034   0.035   0.051   0.075   0.159   0.179
 0.024   0.034   0.044   0.072   0.116   0.201   0.036   0.049   0.061   0.092   0.137   0.246   0.012   0.020   0.028   0.053   0.096   0.158
    NA      NA      NA   0.143   0.097   0.092      NA      NA      NA   0.159   0.106   0.096      NA      NA      NA   0.090   0.061   0.077
 0.006   0.005   0.004   0.003   0.007   0.013   0.012   0.010   0.008   0.008   0.016   0.031   0.000   0.000   0.000   0.000   0.001   0.002
 0.069   0.088   0.081   0.113   0.103   0.178   0.131   0.162   0.142   0.191   0.172   0.263   0.021   0.029   0.032   0.049   0.047   0.107
 0.145   0.163   0.094   0.261   0.328   0.404   0.207   0.238   0.172   0.359   0.447   0.535   0.088   0.095   0.024   0.172   0.221   0.284
 0.047   0.088   0.128   0.257   0.227   0.213   0.080   0.126   0.170   0.315   0.274   0.259   0.016   0.053   0.090   0.202   0.182   0.170
 0.477   0.461   0.457   0.472   0.523   0.564   0.470   0.468   0.480   0.516   0.581   0.625   0.484   0.455   0.435   0.431   0.469   0.508
 0.129   0.142   0.193   0.229   0.376   0.436   0.147   0.162   0.230   0.267   0.445   0.528   0.115   0.126   0.160   0.195   0.315   0.354
 0.064   0.080   0.082   0.150   0.257   0.319   0.104   0.124   0.123   0.217   0.325   0.387   0.028   0.041   0.044   0.090   0.196   0.258
 0.058   0.075   0.097   0.172   0.216   0.241   0.075   0.107   0.147   0.272   0.329   0.369   0.044   0.048   0.056   0.088   0.120   0.132
 0.098   0.118   0.153   0.213   0.298   0.340   0.159   0.187   0.236   0.311   0.413   0.456   0.043   0.056   0.079   0.125   0.194   0.234
 0.134   0.138   0.200   0.232   0.275   0.301   0.223   0.223   0.304   0.342   0.365   0.384   0.055   0.063   0.110   0.135   0.196   0.228
 0.116   0.129   0.146   0.171   0.221   0.290   0.183   0.205   0.231   0.271   0.334   0.397   0.047   0.052   0.064   0.077   0.115   0.185
 0.129   0.141   0.144   0.179   0.248   0.302   0.161   0.180   0.183   0.234   0.306   0.374   0.097   0.103   0.106   0.127   0.191   0.232
 0.066   0.078   0.081   0.134   0.128   0.211   0.106   0.122   0.123   0.192   0.177   0.280   0.029   0.037   0.044   0.081   0.085   0.149
    NA      NA      NA      NA      NA      NA      NA      NA      NA      NA      NA      NA      NA      NA      NA      NA      NA      NA
 0.091   0.080   0.092   0.108   0.116   0.113   0.155   0.139   0.153   0.170   0.181   0.175   0.039   0.032   0.042   0.055   0.059   0.056
 0.041   0.086   0.226   0.284   0.354   0.431   0.071   0.140   0.314   0.407   0.506   0.599   0.012   0.033   0.141   0.167   0.210   0.273
 0.055   0.068   0.191   0.246   0.344   0.391   0.101   0.118   0.267   0.332   0.462   0.508   0.011   0.021   0.119   0.164   0.232   0.280
 0.119   0.151   0.201   0.223   0.212   0.278   0.180   0.205   0.252   0.275   0.266   0.315   0.067   0.104   0.157   0.178   0.164   0.245
 0.032   0.035   0.030   0.062   0.103   0.132   0.058   0.061   0.049   0.096   0.156   0.185   0.011   0.014   0.013   0.035   0.059   0.086
 0.025   0.057   0.116   0.136   0.223   0.219   0.047   0.093   0.173   0.206   0.290   0.273   0.006   0.026   0.065   0.073   0.161   0.170
 0.235   0.240   0.260   0.310   0.483   0.530   0.259   0.270   0.298   0.362   0.555   0.593   0.212   0.210   0.223   0.260   0.414   0.470
 0.295   0.284   0.091   0.120   0.345   0.370   0.399   0.396   0.165   0.209   0.551   0.584   0.200   0.184   0.023   0.038   0.158   0.176
 0.019   0.034   0.051   0.056   0.113   0.128   0.032   0.060   0.085   0.094   0.182   0.198   0.006   0.009   0.016   0.018   0.044   0.053
 0.056   0.079   0.112   0.345   0.371   0.400   0.084   0.123   0.173   0.468   0.504   0.542   0.032   0.041   0.057   0.235   0.252   0.272
 0.048   0.094   0.145   0.202   0.253   0.328   0.078   0.144   0.220   0.282   0.334   0.410   0.022   0.049   0.078   0.129   0.179   0.252
 0.112   0.147   0.674   0.651   0.652   0.672   0.152   0.207   1.060   1.011   0.768   0.787   0.073   0.088   0.293   0.299   0.540   0.562
 0.215   0.169   0.133   0.111   0.122   0.151   0.257   0.205   0.163   0.138   0.154   0.189   0.167   0.130   0.101   0.083   0.090   0.113
 0.104   0.136   0.170   0.557   0.848   0.840   0.152   0.194   0.237   0.670   0.945   0.956   0.056   0.079   0.106   0.449   0.755   0.731
 0.012   0.010   0.008   0.010   0.024   0.032   0.016   0.013   0.011   0.015   0.046   0.056   0.008   0.007   0.005   0.004   0.000   0.006
    NA      NA      NA   0.054      NA      NA      NA      NA      NA      NA      NA      NA      NA      NA      NA   0.033      NA      NA
    NA      NA      NA      NA      NA      NA      NA      NA      NA      NA      NA      NA      NA      NA      NA      NA      NA      NA
    NA      NA      NA      NA      NA      NA      NA      NA      NA      NA      NA      NA      NA      NA      NA      NA      NA      NA
    NA   0.017   0.151   0.074   0.101      NA      NA      NA      NA      NA      NA      NA      NA   0.010   0.113   0.043   0.093      NA

