    NA         NA      0.283200   0.363400   0.288100      NA         NA      0.230100   0.305800   0.234200  
    NA         NA         NA         NA         NA         NA         NA         NA         NA         NA     
    NA         NA      0.086600   0.107300   0.123800      NA         NA      0.022600   0.035700   0.057300  
    NA         NA      0.109300   0.143800   0.147900      NA         NA      0.077500   0.096500   0.096800  
    NA         NA      0.138200   0.133600   0.145300      NA         NA      0.098500   0.096100   0.100900  
    NA         NA      0.031600   0.080000   0.132500      NA         NA      0.027400   0.055500   0.093100  
    NA         NA      0.088700   0.107700   0.134700      NA         NA      0.038900   0.056000   0.078200  
    NA         NA         NA         NA         NA         NA         NA         NA         NA         NA     
    NA         NA      0.122900   0.075500   0.058800      NA         NA      0.056200   0.033900   0.036700  
    NA         NA         NA         NA         NA         NA         NA         NA         NA         NA     
    NA         NA         NA         NA         NA         NA         NA         NA         NA         NA     
    NA         NA      0.082700   0.103500   0.175100      NA         NA      0.035400   0.045600   0.061900  
    NA         NA      0.051300   0.117700   0.101300      NA         NA      0.012800   0.026000   0.023500  
    NA         NA      0.029700   0.032700   0.064800      NA         NA      0.010500   0.013900   0.024100  
    NA         NA      0.166900   0.198700   0.133700      NA         NA      0.133000   0.160800   0.115000  
    NA         NA      0.038300   0.113100   0.129100      NA         NA      0.011800   0.051000   0.060400  
    NA         NA      0.042500   0.054200   0.014300      NA         NA      0.024000   0.041200   0.012900  
    NA         NA         NA         NA         NA         NA         NA         NA         NA         NA     
    NA         NA         NA         NA         NA         NA         NA         NA         NA         NA     
    NA         NA      0.078100   0.112100   0.107100      NA         NA      0.031500   0.050400   0.050600  
    NA         NA      0.082800   0.092000   0.089600      NA         NA      0.043300   0.046800   0.044400  
    NA         NA      0.053200   0.181500   0.161100      NA         NA      0.032900   0.119200   0.081100  
    NA         NA      0.030300   0.125200   0.092100      NA         NA      0.029000   0.100200   0.086800  
    NA         NA      0.057700   0.057400   0.074100      NA         NA      0.030300   0.030500   0.032300  
    NA         NA      0.057900   0.106700   0.112100      NA         NA      0.036300   0.046300   0.038600  
    NA         NA      0.018500   0.023400   0.030100      NA         NA      0.006800   0.009600   0.009700  
    NA         NA      0.094300   0.145700   0.174600      NA         NA      0.032100   0.077500   0.106600  
    NA         NA      0.039500   0.082500   0.070900      NA         NA      0.025500   0.037600   0.030500  
    NA         NA      0.056600   0.155400   0.098500      NA         NA      0.021500   0.062500   0.035200  
    NA         NA         NA         NA         NA         NA         NA         NA         NA         NA     
    NA         NA      0.041200   0.059900   0.057700      NA         NA      0.029400   0.034500   0.026200  
    NA         NA      0.025800   0.098600   0.102000      NA         NA      0.019900   0.087300   0.082200  
    NA         NA      0.010900   0.042300   0.057800      NA         NA      0.003700   0.014200   0.020000  
    NA         NA      0.050200   0.058400   0.046600      NA         NA      0.021300   0.025700   0.018000  
    NA         NA         NA         NA         NA         NA         NA         NA         NA         NA     
    NA         NA      0.029900   0.051200   0.107800      NA         NA      0.003500   0.006200   0.014500  
    NA         NA      0.020800   0.033800   0.063500      NA         NA      0.007800   0.012600   0.037900  
    NA         NA      0.118500   0.143600   0.116600      NA         NA      0.105800   0.129300   0.105400  
    NA         NA      0.041800   0.064200   0.067600      NA         NA      0.004400   0.008000   0.007600  
    NA         NA         NA         NA         NA         NA         NA         NA         NA         NA     
    NA         NA      0.100300   0.119700   0.087800      NA         NA      0.082800   0.094800   0.067600  
    NA         NA      0.095600   0.162400   0.101800      NA         NA      0.070200   0.115000   0.058800  
    NA         NA      0.110200   0.176600   0.169400      NA         NA      0.063700   0.082500   0.070800  
    NA         NA      0.039800   0.023800   0.012700      NA         NA      0.013200   0.008400   0.004400  
    NA         NA      0.086100   0.066300   0.066800      NA         NA      0.037900   0.042800   0.066400  
    NA         NA      0.273700   0.219300   0.133600      NA         NA      0.237600   0.162900   0.086100  
    NA         NA      0.072200   0.072600   0.079200      NA         NA      0.059500   0.056600   0.048500  
    NA         NA      0.021500   0.029900   0.021100      NA         NA         NA      0.027200   0.020800  
    NA         NA      0.051100   0.063800   0.045500      NA         NA      0.034600   0.047800   0.037000  
 0.040700   0.041100   0.036100   0.031300   0.026600   0.036800   0.036400   0.034200   0.029200   0.026500  
    NA         NA      0.061900   0.079600   0.076200      NA         NA      0.032800   0.051600   0.037300  
    NA         NA         NA         NA         NA         NA         NA         NA         NA         NA     
    NA         NA      0.072300   0.062300   0.043700      NA         NA      0.047800   0.048100   0.031300  
    NA         NA      0.016000   0.032200   0.026800      NA         NA      0.006300   0.013300   0.012000  
    NA         NA         NA         NA         NA         NA         NA         NA         NA         NA     
    NA         NA      0.029600   0.055800   0.059600      NA         NA      0.015200   0.028700   0.031000  
    NA         NA      0.012300   0.039800   0.042600      NA         NA      0.004300   0.022500   0.025300  
    NA         NA      0.051300   0.079900   0.098100      NA         NA      0.029800   0.048300   0.059200  
    NA         NA      0.108700   0.087200   0.058900      NA         NA      0.085000   0.074200   0.039800  
    NA         NA      0.064800   0.087000   0.095400      NA         NA      0.057200   0.080800   0.080000  
    NA         NA         NA         NA         NA         NA         NA         NA         NA         NA     
    NA         NA      0.088600   0.141600   0.087200      NA         NA      0.076600   0.118100   0.072000  
    NA         NA         NA         NA         NA         NA         NA         NA         NA         NA     
    NA         NA         NA         NA         NA         NA         NA         NA         NA         NA     
    NA         NA      0.110900   0.118800   0.110600      NA         NA      0.068700   0.093500   0.080700  
 0.034600   0.035700   0.031500   0.026700   0.022000   0.034600   0.035700   0.031500   0.026700   0.022000  
    NA         NA      0.080000   0.113400   0.087600      NA         NA      0.045800   0.060100   0.051300  
    NA         NA      0.074200   0.106800   0.057500      NA         NA      0.051800   0.080800   0.043400  
    NA         NA      0.071200   0.108400   0.076200      NA         NA      0.060000   0.097700   0.064600  
    NA         NA      0.084000   0.074400   0.053200      NA         NA      0.062300   0.047400   0.036100  
    NA         NA      0.060200   0.064800   0.087000      NA         NA      0.047700   0.052900   0.067100  
    NA         NA      0.070300   0.093400   0.088000      NA         NA      0.079600   0.098100   0.087400  
    NA         NA      0.116000   0.131800   0.196700      NA         NA      0.120300   0.105700   0.142400  
    NA         NA      0.019900   0.032400   0.044400      NA         NA      0.009700   0.017700   0.025800  
    NA         NA      0.055300   0.067800   0.093400      NA         NA      0.037400   0.047600   0.055200  
    NA         NA         NA         NA         NA         NA         NA         NA         NA         NA     
    NA         NA      0.025800   0.064700   0.049900      NA         NA      0.022300   0.078300   0.071200  
    NA         NA      0.069600   0.135600   0.121100      NA         NA      0.041000   0.088500   0.081600  
    NA         NA         NA         NA         NA         NA         NA         NA         NA         NA     
    NA         NA      0.163700   0.153900   0.111200      NA         NA      0.161200   0.173200   0.104700  
    NA         NA      0.033100   0.044200   0.061200      NA         NA      0.015800   0.015500   0.026000  
    NA         NA      0.082100   0.097700   0.147400      NA         NA      0.061000   0.072600   0.096500  
    NA         NA      0.203000   0.184100   0.099700      NA         NA      0.134100   0.139100   0.074900  
    NA         NA      0.025600   0.043500   0.052800      NA         NA      0.018300   0.032200   0.035500  
    NA         NA      0.062900   0.079400   0.094600      NA         NA      0.050700   0.060500   0.064000  
    NA         NA      0.055400   0.088400   0.113000      NA         NA      0.048200   0.083700   0.109900  
    NA         NA         NA         NA         NA         NA         NA         NA         NA         NA     
    NA         NA         NA         NA         NA         NA         NA         NA         NA         NA     
    NA         NA      0.059400   0.046400   0.036600      NA         NA      0.053600   0.044200   0.032100  
    NA      0.073400   0.090200   0.093000   0.087900      NA      0.050400   0.073900   0.086300   0.078900  
    NA         NA      0.143000   0.209800   0.148300      NA         NA      0.077300   0.138800   0.107600  
    NA         NA      0.057000   0.060800   0.073600      NA         NA      0.052800   0.060800   0.064000  
    NA         NA      0.049900   0.086900   0.139800      NA         NA      0.053700   0.091200   0.148300  
    NA         NA      0.072300   0.095300   0.159000      NA         NA      0.072800   0.104800   0.155000  
    NA         NA      0.027200   0.042900   0.075400      NA         NA      0.029500   0.033500   0.058400  
    NA         NA         NA         NA         NA         NA         NA         NA         NA         NA     
    NA         NA      0.067600   0.114800   0.098200      NA         NA      0.068400   0.080100   0.044200  
    NA         NA      0.033700   0.068600   0.066400      NA         NA      0.024800   0.051500   0.049500  
    NA         NA      0.088800   0.116000   0.126800      NA         NA      0.038600   0.076900   0.094100  
    NA         NA      0.073600   0.105300   0.131500      NA         NA      0.051400   0.082200   0.105100  
    NA         NA      0.052600   0.087600   0.155400      NA         NA      0.055900   0.108000   0.138500  
    NA         NA      0.111600   0.203100   0.155800      NA         NA      0.091400   0.135900   0.112400  
    NA         NA      0.104500   0.141000   0.124900      NA         NA      0.075800   0.115100   0.108200  
    NA         NA      0.058700   0.069100   0.085000      NA         NA      0.032600   0.039300   0.045600  
    NA         NA         NA         NA         NA         NA         NA         NA         NA         NA     
    NA         NA      0.037200   0.102800   0.172300      NA         NA      0.025300   0.064600   0.096300  
 0.046400   0.053900   0.047700   0.042200   0.039000   0.037700   0.045200   0.042300   0.041500   0.039500  
 0.023700   0.030300   0.031400   0.028000   0.024800   0.021300   0.026900   0.029100   0.028100   0.025400  
    NA         NA      0.027900   0.051900   0.049100      NA         NA      0.032400   0.043700   0.041900  
    NA         NA      0.042800   0.037100   0.026400      NA         NA      0.046000   0.040600   0.028100  
 0.048400   0.051700   0.036600   0.036500   0.035100   0.050300   0.055200   0.038500   0.042000   0.038400  
    NA         NA      0.033100   0.030800   0.028500      NA         NA      0.033400   0.031700   0.029100  
 0.038400   0.039100   0.042200   0.035200   0.029900   0.038400   0.040200   0.042500   0.037400   0.031400  
 0.067200   0.063700   0.074900   0.055100   0.064000   0.059400   0.055800   0.067600   0.051700   0.058300  
    NA         NA      0.283800   0.311000   0.223800      NA         NA      0.251900   0.289800   0.211100  
 0.041100   0.049000   0.054700   0.044600   0.037200   0.037700   0.047100   0.047200   0.041100   0.035900  
    NA         NA      0.039000   0.038900   0.043200      NA         NA      0.039900   0.040600   0.042400  
 0.028300   0.023500   0.024100   0.028600   0.034000   0.028900   0.025200   0.024800   0.029800   0.030900  
    NA         NA      0.041800   0.056500   0.057800      NA         NA      0.037600   0.052900   0.054500  
    NA         NA      0.082100   0.100200   0.062800      NA         NA      0.062500   0.080400   0.056600  
    NA      0.073100   0.074700   0.046600   0.029600      NA      0.069400   0.071700   0.044700   0.027700  
    NA         NA      0.091900   0.110400   0.082600      NA         NA      0.088500   0.110000   0.083200  
    NA         NA      0.088400   0.058600   0.046200      NA         NA         NA         NA      0.063200  
    NA         NA      0.106300   0.113200   0.099600      NA         NA      0.086700   0.084500   0.071700  
    NA         NA      0.026000   0.022600   0.024900      NA         NA      0.025000   0.022500   0.024000  
 0.047000   0.058500   0.054300   0.042500   0.038200   0.041600   0.052600   0.049500   0.035600   0.033600  
    NA         NA         NA      0.049400   0.044100      NA         NA         NA         NA         NA     
    NA         NA      0.093900   0.122500   0.113300      NA         NA      0.085800   0.127600   0.114600  
 0.067600   0.082600   0.077400   0.068400   0.044100   0.065400   0.082200   0.080600   0.068400   0.040200  
    NA         NA      0.192200   0.191600   0.141700      NA         NA      0.184100   0.190200   0.126900  
 0.091800   0.097200   0.087300   0.085900   0.077800   0.082700   0.089300   0.085900   0.087100   0.076000  
    NA         NA      0.056100   0.078800   0.113800      NA         NA      0.052200   0.067200   0.092000  
    NA         NA      0.082400   0.089200   0.071500      NA         NA      0.067600   0.070100   0.053900  
    NA         NA      0.102200   0.077900   0.082900      NA         NA      0.096100   0.071300   0.069700  
    NA         NA         NA         NA         NA         NA         NA         NA         NA         NA     
    NA         NA         NA         NA         NA         NA         NA         NA         NA         NA     
    NA         NA         NA         NA         NA         NA         NA         NA         NA         NA     
    NA         NA         NA         NA         NA         NA         NA         NA         NA         NA     
