82.21  88.00  84.40  78.73  63.41  57.34  78.20  87.36  70.71  65.87  51.40  44.79  86.24  88.63  95.90  89.87  74.09  68.35
   NA     NA     NA     NA     NA     NA     NA     NA     NA     NA     NA     NA     NA     NA     NA     NA     NA     NA
   NA     NA     NA  94.74  89.20  90.31     NA     NA     NA  91.40  83.79  85.35     NA     NA     NA  97.90  94.30  94.98
74.63  72.70  70.50  64.66  54.70  24.40  75.14  74.08  74.25  68.24  58.79   7.99  74.24  71.70  67.90  62.08  51.40  37.59
   NA     NA     NA     NA     NA     NA     NA     NA     NA     NA     NA     NA     NA     NA     NA     NA     NA     NA
   NA     NA     NA     NA     NA     NA     NA     NA     NA     NA     NA     NA     NA     NA     NA     NA     NA     NA
   NA     NA     NA  75.80  63.04  53.41     NA     NA     NA  63.26  48.86  42.01     NA     NA     NA  87.50  76.30  64.09
   NA     NA     NA     NA     NA     NA     NA     NA     NA     NA     NA     NA     NA     NA     NA     NA     NA     NA
   NA     NA  94.39  89.90  82.51  72.66     NA     NA  89.11  81.68  71.31  62.98     NA     NA  99.04  97.20  92.40  81.19
   NA     NA     NA     NA     NA     NA     NA     NA     NA     NA     NA     NA     NA     NA     NA     NA     NA     NA
   NA     NA     NA     NA     NA     NA     NA     NA     NA     NA     NA     NA     NA     NA     NA     NA     NA     NA
   NA     NA     NA     NA  64.12  58.70     NA     NA     NA     NA  37.27  44.22     NA     NA     NA     NA  88.77  71.90
   NA     NA     NA  86.30     NA     NA     NA     NA     NA  79.59     NA     NA     NA     NA     NA  92.90     NA     NA
   NA     NA     NA     NA     NA     NA     NA     NA     NA     NA     NA     NA     NA     NA     NA     NA     NA     NA
   NA     NA     NA     NA     NA     NA     NA     NA     NA     NA     NA     NA     NA     NA     NA     NA     NA     NA
   NA     NA     NA  94.90  91.97  89.04     NA     NA     NA  92.60  88.31  84.25     NA     NA     NA  97.10  95.43  93.54
86.20  82.16  77.70  74.46  65.45  51.21  77.84  72.32  66.82  65.32  60.60  40.58  94.10  91.46  88.00  83.14  70.06  61.32
   NA     NA     NA     NA     NA     NA     NA     NA     NA     NA     NA     NA     NA     NA     NA     NA     NA     NA
   NA     NA     NA  94.65  91.10  79.71     NA     NA     NA  94.93  91.10  72.76     NA     NA     NA  94.39  91.10  86.26
   NA     NA     NA     NA     NA     NA     NA     NA     NA     NA     NA     NA     NA     NA     NA     NA     NA     NA
77.30  77.46  75.90  71.46  58.60  38.77  66.81  67.15  64.87  59.06  43.74  19.82  87.80  87.65  86.70  83.50  73.00  57.10
46.46  41.10  37.72  34.30  29.17  26.80  52.69  49.04  49.70  45.50  39.48  38.33  41.31  34.40  27.60  24.80  20.38  16.99
92.30  89.85  88.83  87.10  82.05  70.42  87.87  83.98  78.85  79.85  72.90  58.31  96.50  95.51  98.60  94.30  91.28  82.70
   NA     NA     NA     NA     NA     NA     NA     NA     NA     NA     NA     NA     NA     NA     NA     NA     NA     NA
68.71  67.50  60.65  55.40  55.52  50.26  55.61  55.03  46.23  40.49  40.63  36.86  80.47  78.70  73.58  68.80  68.64  61.92
   NA     NA  97.52  95.40  91.43  87.98     NA     NA  95.24  92.42  85.74  82.84     NA     NA  99.60  98.10  96.48  92.59
   NA     NA     NA     NA     NA     NA     NA     NA     NA     NA     NA     NA     NA     NA     NA     NA     NA     NA
47.60  41.14  36.00  29.60  23.90  19.35  35.69  28.29  23.17  16.97  14.27  11.57  58.70  53.03  48.00  41.01  32.40  26.90
   NA     NA     NA     NA     NA     NA     NA     NA     NA     NA     NA     NA     NA     NA     NA     NA     NA     NA
84.70  83.04  71.81  68.08  61.50  56.16  78.10  76.22  61.87  57.50  49.33  37.56  90.79  89.33  80.99  77.86  72.80  73.46
80.47  84.02  86.85  88.50  88.61  88.06  67.24  73.17  78.01  81.03  81.80  81.54  92.66  94.02  95.00  95.40  94.91  94.10
   NA     NA     NA     NA     NA     NA     NA     NA     NA     NA     NA     NA     NA     NA     NA     NA     NA     NA
   NA     NA     NA  84.35  77.00  81.13     NA     NA     NA  72.34  65.17  64.50     NA     NA     NA  95.73  88.20  96.88
63.69  68.99  60.72  56.00  56.81  48.58  50.54  57.31  47.69  42.13  43.47  34.18  76.48  80.38  73.47  69.60  69.88  62.64
41.70     NA  28.30     NA     NA     NA     NA     NA     NA     NA     NA     NA  38.70     NA  25.60     NA     NA     NA
94.40  90.96  87.38  79.20  77.65  75.42  92.12  87.73  83.18  73.37  71.28  68.55  96.50  93.94  91.27  84.60  83.56  81.76
   NA     NA     NA     NA     NA     NA     NA     NA     NA     NA     NA     NA     NA     NA     NA     NA     NA     NA
49.50  44.66  42.10  36.52  31.20  24.40  48.98  43.21  40.40  34.74  29.51  22.19  50.00  46.04  43.70  38.19  32.79  26.50
90.34  89.46  88.55  85.80  82.80  78.60  81.48  79.98  79.10  75.93  73.21  69.02  98.90  98.61  97.68  95.35  92.09  87.91
73.62  73.10  70.62  53.60  48.19  38.29  69.36  70.20  68.49  50.74  43.80  35.17  77.47  75.80  72.61  56.30  52.20  41.17
81.91  65.07  60.64  62.65  48.60  52.24  79.50  53.87  47.72  49.38  35.53  41.33  84.08  75.31  72.57  75.00  60.80  62.49
96.10  92.63  89.80  83.19  76.50  65.79  92.37  86.65  82.57  73.50  64.91  53.68  99.60  98.17  96.50  92.18  87.30  77.12
93.99  89.10  86.47  82.70  72.10  66.30  88.64  82.35  77.46  74.71  59.10  53.50  99.40  96.10  94.72  90.80  85.00  79.00
74.90  73.83  71.80  67.46  58.05  51.11  63.28  60.93  56.53  51.55  41.88  33.48  86.00  86.09  86.30  82.53  73.36  67.81
83.61  78.02  72.07  65.61  58.07  48.37  67.52  58.59  50.38  43.24  37.79  27.16  96.81  94.27  90.57  85.06  76.24  67.61
67.30  67.03  63.90  59.19  49.80  31.95  51.49  52.00  47.74  48.89  49.80  21.78  82.10  81.07  79.00  68.89  49.80  41.38
52.30  47.21  43.00  35.55  29.81  24.84  45.65  37.92  30.46  23.47  18.89  14.89  58.70  56.22  55.20  47.24  40.31  34.37
   NA     NA     NA     NA     NA     NA     NA     NA     NA     NA     NA     NA     NA     NA     NA     NA     NA     NA
 1.80   1.50   1.10   0.95   0.80   1.00   1.66   1.40   1.10   1.19   0.68   0.93   1.90   1.57   1.10   0.74   0.90   1.06
 1.70   1.40   1.40   1.80   2.00   1.70   1.70   1.40   1.40   1.70   1.79   1.51   1.70   1.40   1.40   1.90   2.20   1.88
26.95  20.60  20.60  16.10  12.63  10.27  27.77  20.60  20.60  16.20  12.66  11.06  26.15  20.60  20.60  16.00  12.60   9.49
14.10     NA   8.40     NA   6.60     NA     NA     NA     NA     NA     NA     NA  13.10     NA   8.20     NA   6.80     NA
43.40  41.82  40.10  32.25  28.19  26.90  40.03  41.75  37.49  30.14  26.51  25.15  46.90  41.89  42.80  34.42  29.92  28.70
61.80  58.73  54.70  43.42  30.20  25.86  56.84  55.56  54.70  38.20  27.01  13.88  66.60  61.82  54.70  48.45  33.10  36.55
   NA     NA     NA     NA     NA     NA     NA     NA     NA     NA     NA     NA     NA     NA     NA     NA     NA     NA
76.33  69.20  62.40  60.06  54.90  50.14  73.29  64.27  56.35  53.30  48.36  42.64  79.42  74.20  68.54  66.91  61.50  57.66
90.18  86.35  83.50  79.47  77.00  72.33  83.66  81.23  78.54  73.96  72.22  66.33  96.08  91.00  88.00  84.47  81.30  77.71
60.90  59.67  57.08  53.10  44.53  33.50  55.86  55.63  51.37  49.84  41.77  32.90  65.90  63.67  62.69  56.30  47.27  34.10
18.80  15.37   4.07   6.11   3.20   2.09  21.57  17.56   4.40   7.26   3.42   2.01  16.40  13.43   3.78   5.10   3.00   2.16
46.00  42.07  35.00  34.77  38.10  21.36  40.56  34.56  31.26  33.87  46.61  27.41  51.20  49.23  38.56  35.63  30.01  15.63
52.38  49.60  53.90  49.70  45.40  25.36  50.11  49.60  53.90  50.24  45.76  22.98  54.50  49.60  53.90  49.19  45.07  27.64
28.00  25.69  24.90  21.02  17.40  14.26  27.53  25.63  24.89  21.13  16.54  13.99  28.50  25.75  24.91  20.91  18.30  14.54
26.30     NA  27.00     NA  17.50     NA     NA     NA     NA     NA     NA     NA  25.00     NA  25.70     NA  16.80     NA
 7.90     NA     NA     NA   2.40     NA     NA     NA     NA     NA     NA     NA   7.70     NA     NA     NA   2.50     NA
11.30  10.59  11.60   8.54   1.30   1.02   7.82   7.27   7.80   7.13   1.30   1.06  14.70  13.80  15.20   9.90   1.30   0.98
 2.30   2.27   1.15   1.43   1.00   0.85   2.41   2.25   1.07   1.27   1.00   0.84   2.20   2.29   1.22   1.57   1.00   0.86
12.00  10.50   8.30   7.58   7.10   4.66  10.45   9.01   7.08   6.78   7.52   2.94  13.60  12.01   9.50   8.36   6.70   6.28
57.76  53.44  51.66  48.60  44.40  40.42  42.62  34.30  33.15  34.11  30.52  35.70  72.19  71.48  69.11  62.20  57.36  44.79
49.15  47.32  42.60  32.70  32.90  28.64  44.16  43.25  38.64  29.35  30.56  26.18  54.06  51.34  46.50  36.00  35.20  31.06
20.20  17.22  13.10  11.07   9.40   2.11  18.48  15.74  12.88  10.69   8.75   1.02  21.80  18.58  13.30  11.41  10.00   3.12
43.17  27.90  25.67  22.40  17.27  17.50  40.39  25.42  23.00  21.02  15.53  21.16  45.76  30.20  28.16  23.70  18.89  14.08
37.80  36.33  39.57  31.90  25.40  22.73  31.96  30.74  39.34  26.91  21.14  20.55  43.40  41.75  39.78  36.80  29.60  24.87
12.90  11.82  12.20  10.02   8.10   7.26   8.78  12.60   8.06   6.72   5.49   8.57  16.90  11.07  16.20  13.25  10.60   6.04
26.40  22.76  19.60  16.63  14.20  13.63  18.43  15.22  13.37  11.56  10.43   9.61  33.80  29.78  25.40  21.44  17.90  17.66
42.80  38.88  35.00  30.32  24.00  18.00  29.19  25.49  22.37  18.40  13.69   7.05  56.30  52.14  47.50  42.12  34.20  28.83
   NA     NA     NA     NA     NA     NA     NA     NA     NA     NA     NA     NA     NA     NA     NA     NA     NA     NA
15.74  14.10  14.61   9.90   8.71   8.11  13.76  13.69  16.53   9.37   8.19   7.00  17.70  14.50  12.77  10.40   9.20   9.12
49.10  47.75  47.10  36.02  23.50  19.97  42.18  42.41  43.61  32.95  20.61  16.63  56.20  53.17  50.60  39.10  26.40  23.29
89.98  91.34  91.90  91.50  88.50  84.29  82.72  85.04  85.98  85.25  79.95  71.60  97.48  97.90  98.13  98.10  97.50  97.71
83.19  82.10  77.40  72.04  39.75  35.54  78.24  76.29  70.75  66.68  34.27  31.04  89.91  88.30  86.20  79.18  50.39  44.61
86.96  81.62  85.41  82.30  70.40  66.62  79.00  71.32  77.71  72.75  57.96  54.27  96.75  93.90  94.29  93.00  84.00  79.90
78.09  78.55  73.55  78.30  67.80  55.80  74.13  74.78  62.55  74.48  63.36  50.68  81.91  82.19  84.20  82.00  72.11  60.70
   NA     NA     NA     NA     NA     NA     NA     NA     NA     NA     NA     NA     NA     NA     NA     NA     NA     NA
29.70  36.20  33.30  28.50  22.50  18.40   7.80  14.92  14.48  12.95  10.25   9.02  51.60  56.60  51.60  44.70  35.90  28.20
75.50  74.16  72.20  69.98  72.50  69.81  62.07  60.58  58.61  55.48  60.51  64.14  90.00  88.69  86.60  85.31  85.20  75.82
75.50  67.81  55.30  49.22  41.10  32.68  63.51  55.27  40.38  34.40  27.66  40.33  87.40  80.10  69.70  63.39  53.90  25.39
94.00  88.50  81.39  72.79  68.45  56.17  92.59  83.00  73.34  63.56  59.22  46.69  95.41  94.00  89.47  81.60  77.78  65.76
97.80  94.90  82.63  72.58  62.83  56.20  96.43  91.76  73.14  59.16  45.76  36.93  99.20  98.10  92.25  86.16  80.15  75.81
19.10  18.00  17.00  13.78   9.70   5.91  11.96  11.53  11.53   8.78   5.05   2.91  26.20  24.35  22.30  18.55  14.10   8.73
 2.90   2.12   0.90   0.76   0.66   0.70   1.25   0.70   0.36   0.29   0.25   0.32   4.40   3.41   1.40   1.19   1.04   1.04
79.60  75.20  81.65  61.90  66.10  47.76  68.43  62.76  80.46  51.47  53.59  36.76  91.30  88.07  82.87  72.78  79.00  59.05
56.90  43.60  24.00  25.20  19.70  15.40  43.01  31.34  16.04  16.52  12.20   8.56  69.20  54.80  31.45  33.50  26.90  21.90
49.20  46.25  50.40  37.50  58.00  50.30  45.68  39.65  39.99  42.04  55.35  50.53  57.60  60.65  68.80  30.70  62.70  49.90
58.50  50.57  40.60  35.76  34.30  22.29  36.37  32.22  33.22  24.94  17.71   1.18  82.20  69.77  48.20  46.87  51.00  43.03
99.00  99.06  99.60  91.97  90.38  84.23  99.00  98.77  99.30  86.46  87.72  78.30  99.00  99.35  99.90  97.44  93.13  90.26
   NA     NA     NA     NA     NA     NA     NA     NA     NA     NA     NA     NA     NA     NA     NA     NA     NA     NA
85.60  83.02  81.30  79.58  78.90  74.84  85.60  77.92  70.72  68.62  68.47  64.35  85.60  88.68  92.80  91.42  90.40  86.35
33.50  27.72  19.80  14.10  11.70   9.81  29.47  24.43  17.38  12.29  10.09   7.96  37.30  30.88  22.20  15.90  13.30  11.60
   NA     NA     NA     NA     NA     NA     NA     NA     NA     NA     NA     NA     NA     NA     NA     NA     NA     NA
63.98  55.65  47.60  42.40  43.70  35.78  49.97  39.22  30.18  28.46  33.26  28.44  80.72  73.64  65.80  56.77  54.30  43.22
32.30  27.57  24.00  20.20  15.90  15.66  20.37  15.31  13.75  11.50   9.43  10.83  46.70  41.77  36.00  30.05  22.70  20.53
76.50  72.17  68.60  62.25  53.74  45.73  61.20  55.01  49.88  41.99  32.18  29.24  92.40  89.49  87.50  82.57  75.47  62.34
46.98  42.10  36.21  29.60  23.00  18.89  26.84  26.32  23.49  17.79  13.45  11.33  69.45  60.00  51.54  43.40  33.80  27.20
48.10  41.96  34.10  28.75  20.50  15.38  36.63  31.57  24.52  22.18  14.48  10.86  59.40  52.07  43.30  35.00  26.30  19.72
   NA     NA     NA  43.80     NA     NA     NA     NA     NA  40.26     NA     NA     NA     NA     NA  55.60     NA     NA
   NA     NA     NA  98.80  97.43  82.33     NA     NA     NA  97.64  94.41  56.59     NA     NA     NA  99.70  99.56  99.23
 2.00   1.79   1.58   1.41   0.00   0.00   2.00   1.76   1.53   1.33   0.00   0.00   2.00   1.82   1.63   1.47   0.00   0.00
 2.00   1.80   1.00   0.00   0.00   0.00   2.85   2.56   1.00   0.00   0.00   0.00   1.21   1.10   1.00   0.00   0.00   0.00
28.90  21.58  14.66   0.70   2.01   4.74  14.25  10.58   7.29   0.70   1.00   4.35  42.40  31.59  21.40   0.70   2.97   5.11
 0.00   0.00   0.52   0.46   0.63   1.00   0.00   0.00   0.04   0.03   0.48   1.00   0.00   0.00   0.98   0.86   0.77   1.00
 1.60   1.40   1.23   1.51   1.20   0.00   0.54   0.47   0.33   0.45   1.43   0.00   2.50   2.20   2.00   2.43   1.00   0.00
 2.00   1.79   1.00   0.86   0.75   0.66   2.88   2.57   1.00   0.85   0.74   0.64   1.22   1.10   1.00   0.88   0.77   0.68
 1.03   0.90   0.80   0.60   0.20   1.30   1.86   1.58   1.40   0.48   0.20   1.07   0.37   0.33   0.30   0.70   0.20   1.50
19.60  17.34  15.60  13.68  11.50   8.47   8.06   6.98   6.53   5.66   4.69   3.24  30.00  26.49  23.70  20.89  17.70  13.24
 3.70   3.00   2.40   1.96   1.30   1.49   3.02   2.31   1.95   2.19   0.85   1.10   4.30   3.60   2.80   1.75   1.70   1.83
 0.00   0.00   0.00   0.00   0.31   0.74   0.00   0.00   0.00   0.00   0.64   1.49   0.00   0.00   0.00   0.00   0.00   0.00
 4.43   4.00   3.56   3.11   2.69   2.31   4.44   4.00   3.56   3.09   2.66   2.27   4.42   4.00   3.57   3.14   2.72   2.35
12.50  10.32   7.30   6.43   5.74   3.65   9.54   7.86   5.64   4.91   4.32   2.26  15.20  12.56   8.80   7.82   7.02   4.89
   NA     NA     NA     NA     NA     NA     NA     NA     NA     NA     NA     NA     NA     NA     NA     NA     NA     NA
30.25  22.90  19.90  16.58  14.05  12.10  29.14  22.53  19.57  16.28  12.24  10.40  31.18  23.20  20.17  16.84  15.67  13.66
 0.00   0.00   0.00   0.00   0.00   0.00   0.00   0.00   0.00   0.00   0.00   0.00   0.00   0.00   0.00   0.00   0.00   0.00
 0.87   0.79   0.70   0.61   1.80   1.50   0.87   0.79   0.70   0.60   2.01   0.87   0.86   0.78   0.70   0.62   1.60   2.09
 8.60   7.13   5.20   4.17   2.80   2.39   5.91   4.74   3.13   2.52   1.78   1.33  10.90   9.20   7.00   5.63   3.70   3.33
45.10  50.98  67.00  51.75  27.50  20.02  36.44  42.43  58.62  42.98  20.51  14.31  52.50  58.15  73.80  58.77  33.40  24.98
24.50  21.23  12.90  23.43  20.63   5.20  21.55  17.80   7.75  19.00  16.58   2.89  27.10  24.26  17.50  27.38  24.30   7.30
 0.60   0.73   1.00   1.37   1.75   2.17   1.22   1.10   1.00   1.51   2.42   2.90   0.00   0.38   1.00   1.23   1.11   1.47
 0.20   1.00   5.10   4.44   3.00   4.35   0.20   1.92   4.55   3.92   1.89   3.44   0.20   0.18   5.60   4.91   4.00   5.18
59.20  58.00  62.25  59.00  52.40  39.30  42.65  39.04  46.65  44.69  36.30  27.59  75.40  76.80  78.18  73.80  68.30  51.70
 0.00   0.00   0.00   0.96   1.71   1.52   0.00   0.00   0.00   2.04   3.62   3.21   0.00   0.00   0.00   0.00   0.00   0.00
21.00  22.41  23.90  20.17  15.80  12.15  10.56  12.05  12.90  10.04   7.62   4.99  30.20  31.66  33.80  29.39  23.30  18.81
 1.13   1.00   0.90   0.76   1.00   0.86   2.27   2.01   0.90   0.76   0.90   0.76   0.00   0.00   0.90   0.77   1.10   0.95
22.78  22.40  22.10  19.70  16.65  10.90  16.85  15.36  14.53  12.53  10.45   7.03  29.71  30.00  30.00  27.00  22.90  14.80
 1.03   0.90   0.79   0.67   1.20   1.03   1.03   0.90   0.78   0.66   1.20   1.03   1.02   0.90   0.79   0.67   1.20   1.03
70.27  72.70  85.70  82.44  82.60  69.42  59.42  70.12  82.30  80.03  78.18  62.36  82.54  75.60  89.50  85.17  87.30  76.95
   NA     NA     NA  55.50     NA     NA     NA     NA     NA     NA     NA     NA     NA     NA     NA  64.80     NA     NA
   NA     NA     NA     NA     NA     NA     NA     NA     NA     NA     NA     NA     NA     NA     NA     NA     NA     NA
   NA     NA     NA     NA  37.20     NA     NA     NA     NA     NA     NA     NA     NA     NA     NA     NA  43.50     NA
   NA   1.90   5.40     NA   1.40     NA     NA     NA     NA     NA     NA     NA     NA   2.00   5.90     NA   1.60     NA

