    NA      0.166500   0.000000   0.000000   0.000000   0.000000   0.000000    6.000000   6.000000   6.000000   5.400000   5.833333   6.000000   6.000000   6.000000   5.600000   5.888889
    NA         NA         NA      0.400000   1.000000   0.440000   0.300000    6.333333   6.600000   6.800000   7.000000   6.722222   4.666667   7.000000   7.000000   7.000000   6.611111
    NA         NA         NA      0.100000   0.000000   0.000000   0.000000    7.000000   7.000000   7.000000   7.000000   7.000000   5.333333   6.600000   6.200000   7.000000   6.388889
    NA      0.000000   0.000000   0.000000   0.000000   0.000000   0.000000    2.333333   2.000000   2.000000   2.000000   2.055556   3.333333   3.000000   3.000000   2.800000   3.000000
    NA      0.100000   0.100000   0.000000   0.000000   0.000000   0.400000    5.000000   4.000000   6.200000   6.600000   5.500000   4.333333   4.000000   5.200000   5.800000   4.888889
    NA      0.166500   0.228600   0.100000   1.000000   0.040000   0.000000    7.000000   7.000000   6.600000   6.800000   6.833333   7.000000   6.000000   6.000000   6.000000   6.166667
 0.100000   0.000000   0.000000   0.000000   0.000000   0.000000   0.100000    6.000000   6.200000   6.000000   6.000000   6.055555   4.000000   5.200000   6.200000   6.200000   5.555555
    NA         NA         NA         NA         NA         NA         NA       5.000000   5.800000   6.000000   5.400000   5.611111   5.333333   6.000000   6.200000   6.000000   5.944445
 0.000000   0.200000   0.000000   0.200000   0.000000   0.000000   0.200000    7.000000   7.000000   7.000000   6.400000   6.833333   7.000000   6.800000   5.400000   6.000000   6.222222
 0.000000   0.100000   0.200000   0.647600   1.000000   0.840000   0.500000    6.000000   6.800000   6.600000   6.600000   6.555555   7.000000   6.000000   6.400000   6.800000   6.500000
    NA         NA         NA         NA         NA         NA         NA       2.666667   4.600000   4.200000   6.000000   4.555555   2.666667   3.200000   4.800000   5.800000   4.277778
 0.100000   0.394000   0.283000   0.237000   0.000000   0.000000   0.000000    5.666667   6.200000   7.000000   7.000000   6.555555   6.333333   6.200000   6.200000   6.000000   6.166667
 0.000000   0.103405   0.102815   0.100000   1.000000   0.080000   0.000000    6.000000   5.200000   4.800000   4.800000   5.111111   4.666667   4.400000   5.200000   4.000000   4.555555
 0.100000   0.000000   0.306250   0.928450   1.000000   1.000000   0.400000    5.666667   7.000000   7.000000   6.600000   6.666667   5.333333   6.600000   7.000000   7.000000   6.611111
 0.100000   0.000000   0.000000   0.000000   0.000000   0.000000   0.000000    6.000000   6.000000   6.000000   6.000000   6.000000   6.000000   6.000000   6.000000   6.000000   6.000000
    NA      0.000000   0.000000   0.000000   0.000000   0.000000   0.100000    2.000000   2.000000   2.800000   2.800000   2.444444   2.000000   2.000000   3.400000   3.200000   2.722222
 0.040250   0.200000   0.100000   0.100000   0.000000   0.000000   0.400000    6.666667   6.000000   4.600000   6.600000   5.888889   5.333333   4.600000   4.400000   5.800000   5.000000
 0.000000   0.100000   0.142950   0.100000      NA         NA      0.118300    7.000000   7.000000   7.000000   7.000000   7.000000   7.000000   7.000000   6.600000   5.600000   6.500000
    NA         NA         NA      0.000000   0.000000   0.000000   0.200000    6.333333   6.000000   6.200000   6.000000   6.111111   6.000000   6.000000   6.000000   6.600000   6.166667
 0.000000   0.000000   0.000000   0.000000   0.000000   0.000000   0.000000    6.000000   6.000000   5.400000   6.000000   5.833333   6.000000   5.000000   5.000000   5.200000   5.222222
    NA      0.015000   0.000000   0.007300   0.000000   0.000000   0.100000    5.000000   5.000000   5.200000   6.000000   5.333333   4.000000   4.800000   4.600000   5.600000   4.833333
    NA      0.000000   0.100000   0.000000   0.000000   0.000000   0.070000    5.666667   5.000000   5.000000   5.400000   5.222222   4.000000   4.200000   5.000000   5.400000   4.722222
 0.000000   0.000000   0.000000   0.000000   1.000000   0.040000   0.400000    6.000000   6.000000   5.800000   5.200000   5.722222   4.000000   4.200000   5.600000   5.000000   4.777778
    NA         NA         NA      0.000000   0.000000   0.000000   0.100000    5.000000   5.400000   5.400000   5.000000   5.222222   3.666667   5.200000   5.800000   5.000000   5.055555
    NA      0.000000   0.000000   0.000000   0.000000   0.000000   0.014650    7.000000   6.600000   6.000000   6.200000   6.388889   6.000000   6.200000   7.000000   6.800000   6.555555
 0.100000   0.100000   0.000000   0.200000   0.000000   0.000000   0.100000    7.000000   7.000000   7.000000   6.600000   6.888889   6.000000   6.800000   6.000000   6.000000   6.222222
 0.000000   0.000000   0.000000   0.100000   1.000000   0.440000   0.300000    5.333333   6.000000   7.000000   6.600000   6.333333   6.000000   6.000000   6.000000   6.000000   6.000000
    NA      0.000000   0.000000   0.000000   0.000000   0.000000   0.000000    3.000000   2.000000   2.000000   2.000000   2.166667   2.000000   2.800000   2.600000   2.000000   2.388889
 0.000000   0.000000   0.106200   0.000000   1.000000   0.440000   0.100000    5.000000   4.000000   4.000000   4.000000   4.166667   4.666667   4.200000   4.800000   4.800000   4.611111
    NA         NA         NA      0.500000   1.000000   0.320000   0.500000    6.333333   6.800000   6.800000   6.000000   6.500000   6.000000   6.800000   6.800000   7.000000   6.722222
 0.100000   0.000000   0.000000   0.100000   0.000000   0.000000   0.100000    6.666667   7.000000   7.000000   6.800000   6.888889   6.000000   6.000000   6.000000   6.000000   6.000000
 0.000000   0.501670   0.100000   0.201305   1.000000   0.120000   0.200000    6.000000   4.800000   3.000000   6.200000   4.888889   4.000000   3.800000   3.400000   5.000000   4.055555
    NA      0.000000   0.100000   0.000000   0.000000   0.000000   0.100000    7.000000   6.600000   6.000000   6.000000   6.333333   5.333333   5.200000   6.000000   6.000000   5.666667
 0.000000   0.148600   0.000000   0.000000   0.000000   0.000000   0.000000    6.000000   5.000000   3.800000   3.200000   4.333333   5.333333   3.400000   4.000000   3.800000   4.000000
    NA         NA         NA      0.250000      NA         NA      0.200000    2.500000   4.200000   6.000000   6.000000   4.916667   2.000000   3.200000   6.000000   6.000000   4.555555
    NA      0.500000   0.137000   0.000000   0.000000   0.000000   0.000000    5.333333   5.600000   4.800000   5.200000   5.222222   5.000000   5.000000   5.000000   5.000000   5.000000
 0.100000   0.128800   0.200000   0.100000   1.000000   1.000000   0.100000    7.000000   7.000000   7.000000   7.000000   7.000000   6.000000   6.800000   7.000000   7.000000   6.777778
 0.011100   0.004860   0.004240   0.118800   1.000000   0.440000   0.000000    4.000000   4.600000   5.000000   5.200000   4.777778   5.000000   5.600000   6.000000   5.800000   5.666667
 0.000000   0.300000   0.507000   0.400000   1.000000   0.080000   0.300000    6.000000   5.600000   5.200000   5.000000   5.388889   6.000000   5.400000   5.400000   5.600000   5.555555
    NA      0.000000   0.000000   0.000000   0.000000   0.000000   0.100000    5.333333   5.800000   5.000000   5.200000   5.333333   3.333333   4.400000   5.200000   5.800000   4.833333
    NA      0.000000   0.006900   0.000000   1.000000   0.080000   0.100000    6.000000   6.000000   6.000000   6.000000   6.000000   6.000000   6.000000   6.000000   6.000000   6.000000
 0.100000   0.154000   0.100000   0.000000   0.000000   0.000000   0.000000    7.000000   7.000000   6.800000   6.000000   6.666667   5.666667   6.000000   6.000000   6.000000   5.944445
 0.023250   0.000000   0.000000   0.000000   0.000000   0.000000   0.000000    6.000000   6.000000   5.200000   5.400000   5.611111   5.000000   5.000000   5.000000   4.600000   4.888889
    NA      0.017500   0.330200   0.125900   1.000000   0.280000   0.307450    7.000000   6.800000   4.600000   5.200000   5.777778   7.000000   6.800000   5.000000   4.200000   5.611111
    NA         NA      0.000000   0.404465   1.000000   0.040000   0.000000    7.000000   6.800000   6.000000   6.600000   6.555555   6.000000   6.000000   6.600000   6.800000   6.388889
    NA      0.000000   0.000000   0.000000   0.000000   0.000000   0.100000    5.000000   5.000000   5.000000   5.400000   5.111111   4.333333   5.000000   5.800000   5.000000   5.111111
    NA      0.000000   0.000000   0.432100   1.000000   0.240000   0.266000    6.000000   5.400000   3.400000   5.000000   4.833333   5.000000   5.000000   4.800000   5.400000   5.055555
    NA         NA         NA      0.000000      NA         NA      0.000000    1.333333   1.000000   1.600000   2.000000   1.500000   2.000000   2.000000   2.000000   2.600000   2.166667
    NA      0.000000   0.000000   0.000000   0.000000   0.000000   0.000000    1.000000   1.000000   1.000000   1.000000   1.000000   1.000000   1.000000   1.200000   1.200000   1.111111
 0.000000   0.000000   0.009400   0.000000   0.000000   0.000000   0.000000    1.000000   1.000000   1.000000   1.000000   1.000000   1.000000   1.000000   1.000000   1.000000   1.000000
 0.000000   0.000000   0.000000   0.000000   0.000000   0.000000   0.000000    1.000000   1.000000   1.000000   1.000000   1.000000   1.000000   1.000000   1.000000   1.000000   1.000000
    NA         NA         NA         NA         NA         NA         NA       2.000000   2.000000   2.000000   2.000000   2.000000   3.000000   2.600000   2.000000   1.800000   2.277778
 0.229250   0.300500   0.022000   0.200000   1.000000   0.040000   0.000000    3.666667   3.200000   1.400000   1.000000   2.166667   2.000000   2.400000   2.600000   3.000000   2.555556
 0.200000   0.000000   0.100000   0.477000   1.000000   0.360000   1.275500    2.000000   3.400000   4.400000   2.800000   3.277778   3.000000   3.200000   4.800000   3.800000   3.777778
    NA         NA         NA         NA         NA         NA         NA       2.000000   2.400000   5.800000   2.000000   3.166667   3.666667   3.800000   4.800000   1.800000   3.500000
 0.424200   0.126500   0.345000   0.340000   1.000000   0.080000   0.928000    3.333333   3.600000   5.600000   3.200000   4.000000   3.000000   3.800000   6.000000   3.200000   4.111111
 0.125950   0.070000   0.100000   0.019800   1.000000   0.200000   0.200000    6.333333   6.400000   6.800000   6.400000   6.500000   6.000000   5.800000   6.000000   5.000000   5.666667
 0.100000   0.000000   0.100000   0.200000   1.000000   0.080000   0.000000    6.333333   6.000000   2.800000   2.000000   4.055555   3.000000   3.000000   3.000000   3.000000   3.000000
    NA      0.000000   0.000000   0.145000   1.000000   0.040000   0.046000    1.000000   1.600000   2.000000   2.000000   1.722222   2.000000   2.800000   3.000000   2.400000   2.611111
 0.000000   0.000000   0.001715   0.001490   0.000000   0.000000   0.001300    4.333333   3.800000   3.000000   3.800000   3.666667   3.000000   3.600000   4.000000   3.800000   3.666667
 0.000000   0.000000   0.000000   0.390500   1.000000   0.240000   0.200000    4.666667   5.000000   5.600000   5.000000   5.111111   3.666667   4.800000   5.000000   5.000000   4.722222
 0.000000   0.369000   0.065500   0.000000   0.000000   0.000000   0.000000    7.000000   6.000000   4.400000   6.000000   5.722222   6.000000   5.400000   4.000000   4.400000   4.833333
    NA         NA         NA      0.000000      NA         NA      0.000000    2.000000   2.000000   1.800000   1.000000   1.666667   3.000000   3.000000   2.200000   2.000000   2.500000
    NA         NA         NA         NA         NA         NA         NA       2.000000   2.000000   2.000000   1.400000   1.833333   2.000000   2.000000   2.000000   2.000000   2.000000
    NA      0.000000   0.100000   0.000000   0.000000   0.000000   0.000000    2.000000   2.000000   1.400000   1.000000   1.555556   2.333333   2.000000   2.000000   1.400000   1.888889
 0.001585   0.002530   0.000468   0.001385   1.000000   0.320000   0.000435    1.000000   1.000000   1.000000   1.000000   1.000000   1.000000   1.000000   1.000000   1.000000   1.000000
 0.904850   0.108450   0.606500   0.402000   1.000000   0.360000   0.100000    3.333333   5.600000   4.600000   2.000000   3.944444   3.666667   5.200000   4.000000   1.400000   3.555556
 0.326650   0.326050   1.068500   0.300000   0.000000   0.000000   0.317500    5.666667   5.200000   4.000000   2.200000   4.111111   4.666667   3.600000   3.800000   3.000000   3.666667
 0.200000   0.002140   0.000000   0.000000   0.000000   0.000000   0.000000    4.333333   4.000000   3.400000   2.200000   3.388889   4.333333   4.400000   3.000000   2.200000   3.388889
 0.000000   0.100000   0.251000   0.128400   1.000000   0.040000   0.035150    5.000000   6.600000   6.000000   5.200000   5.777778   4.000000   5.000000   5.000000   4.400000   4.666667
 0.000000   0.000000   0.000000   0.012450   1.000000   0.320000   0.026250    2.000000   2.000000   2.000000   2.400000   2.111111   2.000000   3.000000   3.000000   3.200000   2.888889
 0.300000   0.100000   0.300000   0.200000   0.000000   0.000000   0.000000    7.000000   5.200000   2.000000   2.000000   3.722222   4.333333   4.000000   2.000000   2.600000   3.111111
    NA      0.000000   0.000000   0.265500   0.000000   0.000000   0.392500    3.333333   3.600000   4.800000   5.000000   4.277778   2.666667   3.200000   4.400000   4.800000   3.888889
 0.249500   0.000000   0.000000   0.000000   0.000000   0.000000   0.000000    4.666667   5.000000   5.000000   5.000000   4.944445   5.333333   5.400000   5.000000   5.200000   5.222222
 0.100000   0.100000   0.000000   0.200000   1.000000   0.040000   0.021700    6.666667   5.600000   2.000000   2.000000   3.777778   5.666667   4.000000   3.000000   3.200000   3.777778
    NA         NA         NA      0.000000   0.000000   0.000000   0.400000    2.000000   2.000000   7.000000   4.400000   4.055555   2.000000   2.000000   5.600000   4.200000   3.611111
 0.000000   0.036200   0.142000   0.000000   0.000000   0.000000   0.000000    4.333333   5.800000   5.000000   1.800000   4.222222   4.666667   5.800000   4.400000   2.000000   4.166667
 0.725900   0.100000   0.000000   0.007600   0.000000   0.000000   0.000000    2.000000   1.200000   1.000000   1.000000   1.222222   2.000000   2.000000   2.000000   2.200000   2.055556
 0.000000   0.000000   0.100000   0.319650      NA         NA      0.518350    6.000000   7.000000   7.000000   6.800000   6.777778   5.666667   6.400000   7.000000   6.800000   6.555555
    NA         NA      0.000000   0.000000      NA         NA      0.100000    4.666667   6.000000   5.000000   5.000000   5.222222   4.333333   4.000000   4.800000   5.000000   4.555555
    NA         NA      0.002235   0.301305   1.000000   0.040000   0.101110    3.333333   5.400000   4.600000   4.200000   4.500000   4.000000   3.800000   4.400000   4.800000   4.277778
 0.100000   0.000000   0.200000   0.400000   1.000000   0.040000   0.100000    7.000000   6.600000   7.000000   7.000000   6.888889   5.000000   6.000000   6.400000   6.800000   6.166667
 0.000000   0.000000   0.000000   0.100000      NA         NA      0.000000    7.000000   6.400000   6.000000   6.200000   6.333333   7.000000   6.200000   6.000000   6.200000   6.277778
 0.000000   0.000000   0.000000   0.000000   0.000000   0.000000   0.000000       NA         NA         NA         NA      3.610000      NA         NA         NA         NA      2.110000
 0.000460   0.200775   0.100366   0.000475   1.000000   0.040000   0.000535    2.000000   2.000000   2.000000   2.000000   2.000000   3.000000   3.200000   3.000000   3.000000   3.055556
 0.101675   0.400885   0.000000   0.100000   1.000000   0.040000   0.000000    5.000000   5.000000   5.000000   5.000000   5.000000   5.000000   5.000000   5.200000   5.600000   5.222222
 0.100000   0.004155   0.010150   0.324850   1.000000   0.240000   0.229950    5.000000   5.800000   5.600000   5.200000   5.444445   6.000000   5.600000   5.800000   5.800000   5.777778
 0.700000   0.400000   0.320700   0.308150   1.000000   0.320000   0.100000    7.000000   6.800000   6.800000   7.000000   6.888889   7.000000   6.800000   7.000000   6.800000   6.888889
 0.000000   0.000000   0.031750   0.000000   1.000000   0.080000   0.025300    2.000000   2.000000   2.000000   2.000000   2.000000   3.000000   2.600000   2.000000   2.000000   2.333333
 0.004220   0.000000   0.000945   0.000885   0.000000   0.000000   0.000000    2.000000   2.000000   1.000000   1.000000   1.444444   1.000000   1.000000   1.000000   1.000000   1.000000
 0.059000   0.100000   0.571500   0.000000   1.000000   0.080000   0.000000    6.000000   6.000000   5.800000   5.200000   5.722222   6.000000   6.000000   5.800000   5.000000   5.666667
 0.104040   0.100000   0.202890   0.302665   0.000000   0.000000   0.100000    5.000000   4.800000   5.000000   3.200000   4.444445   6.000000   5.200000   5.800000   4.000000   5.166667
    NA      0.166500   0.000000   0.082000   0.000000   0.000000   0.000000    4.000000   5.600000   4.400000   5.600000   5.000000   3.333333   3.800000   4.000000   4.600000   4.000000
 0.000000   0.000000   0.000000   0.108150   0.000000   0.000000   0.000000    2.666667   3.000000   3.000000   3.600000   3.111111   3.000000   3.800000   4.200000   4.800000   4.055555
 0.200000   0.000000   0.000000   0.000000   0.000000   0.000000   0.000000    6.000000   5.800000   3.000000   3.200000   4.333333   5.000000   4.800000   4.000000   4.200000   4.444445
    NA         NA         NA         NA      0.000000   0.000000   0.000000    7.000000   6.200000   6.000000   6.000000   6.222222   6.000000   6.000000   6.000000   6.000000   6.000000
 0.000000   0.003445   0.304645   0.101410   1.000000   0.080000   0.202315    3.000000   5.400000   7.000000   3.600000   4.944445   5.000000   5.000000   5.000000   4.200000   4.777778
 0.000000   0.000000   0.117700   0.604520   1.000000   0.360000   0.416750    4.666667   5.000000   4.800000   2.800000   4.277778   5.333333   5.000000   4.600000   2.600000   4.277778
 0.200000   0.100000   0.000000   0.013800   0.000000   0.000000   0.000000    6.000000   6.000000   6.000000   6.200000   6.055555   6.000000   6.000000   6.400000   6.800000   6.333333
    NA      0.000000   0.000000   0.000000   0.000000   0.000000   0.000000    5.000000   5.000000   4.200000   4.000000   4.500000   5.000000   5.000000   5.000000   4.800000   4.944445
 0.000000   0.000000   0.100000   0.000000   1.000000   0.040000   0.112800    2.000000   2.000000   2.400000   3.200000   2.444444   3.000000   3.000000   3.400000   4.200000   3.444444
 0.750000   0.200000   0.300000   0.147000   1.000000   0.080000   0.211350    6.666667   5.400000   5.400000   6.200000   5.833333   7.000000   6.200000   6.600000   7.000000   6.666667
    NA      0.000000   0.106800   0.000000   0.000000   0.000000   0.000000    6.000000   5.200000   5.000000   4.800000   5.166667   5.000000   4.600000   5.200000   4.000000   4.666667
 0.000000   0.000000   0.200000   0.302295   1.000000   0.040000   0.200000    6.000000   4.800000   3.000000   2.800000   3.944444   3.666667   4.200000   4.000000   3.200000   3.777778
    NA         NA      0.939500   0.000000      NA         NA      0.000000    6.333333   5.200000   5.000000   5.200000   5.333333   5.000000   5.000000   5.000000   5.000000   5.000000
    NA      0.596000   0.117450   0.146050   0.000000   0.000000   0.241600    4.666667   6.000000   5.800000   5.000000   5.444445   4.000000   4.800000   5.000000   5.000000   4.777778
 0.000000   0.000000   0.000000   0.000000   0.000000   0.000000   0.000000    1.000000   1.000000   1.000000   1.000000   1.000000   1.000000   1.000000   1.000000   1.000000   1.000000
 0.000000   0.000000   0.000000   0.000000   0.000000   0.000000   0.000000    1.000000   1.000000   1.000000   1.000000   1.000000   1.000000   1.000000   1.000000   1.000000   1.000000
 0.174500   0.000000   0.654000   0.200000   1.000000   0.200000   0.000000    3.333333   3.200000   1.400000   1.000000   2.111111   3.666667   4.000000   2.200000   1.800000   2.833333
 0.000000   0.000000   0.000000   0.000000   0.000000   0.000000   0.000000    1.000000   1.000000   1.000000   1.000000   1.000000   1.000000   1.000000   1.000000   1.000000   1.000000
 0.000000   0.000000   0.000000   0.000000   0.000000   0.000000   0.000000    2.000000   2.000000   2.000000   1.400000   1.833333   2.000000   2.000000   2.000000   1.800000   1.944444
 0.004295   0.002050   0.001970   0.001890   0.000000   0.000000   0.003650    1.000000   1.000000   1.000000   1.000000   1.000000   2.000000   1.500000   2.000000   2.000000   1.861111
 0.000000   0.001680   0.004845   0.000000   0.000000   0.000000   0.201620    1.000000   1.000000   1.000000   1.000000   1.000000   1.000000   1.500000   2.000000   1.800000   1.638889
 0.011800   0.200000   0.100000   0.110900   1.000000   0.080000   0.010350    3.333333   2.000000   1.200000   1.800000   1.944444   3.333333   2.000000   2.000000   2.000000   2.222222
    NA         NA      0.000000   0.000000      NA         NA      0.000000    6.000000   6.000000   6.000000   4.800000   5.666667   6.000000   5.400000   5.000000   4.200000   5.055555
 0.000000   0.000000   0.000000   0.000000   0.000000   0.000000   0.000000    1.000000   1.000000   1.000000   1.000000   1.000000   1.000000   1.000000   1.000000   1.000000   1.000000
 0.000000   0.000000   0.032000   0.030550   0.000000   0.000000   0.000000    1.000000   1.000000   1.000000   1.000000   1.000000   2.000000   1.200000   1.000000   1.000000   1.222222
 0.000000   0.000000   0.000000   0.148200   0.000000   0.000000   0.012400    1.000000   1.800000   1.000000   1.000000   1.222222   2.000000   1.600000   1.800000   1.000000   1.555556
 0.000000   0.000000   0.000000   0.000000   0.000000   0.000000   0.000000    2.000000   1.400000   1.000000   1.000000   1.277778   1.000000   1.000000   1.000000   1.000000   1.000000
    NA      0.000000   0.000000   0.000000   0.000000   0.000000   0.000000    1.000000   1.600000   2.000000   1.400000   1.555556   1.333333   1.800000   3.400000   2.600000   2.388889
 0.000000   0.000000   0.000000   0.000000   0.000000   0.000000   0.000000    1.000000   1.000000   1.000000   1.000000   1.000000   1.000000   1.000000   1.000000   1.000000   1.000000
 0.000000   0.000000   0.000000   0.000000   0.000000   0.000000   0.000000    1.000000   1.000000   1.000000   1.000000   1.000000   1.000000   1.000000   1.000000   1.000000   1.000000
    NA         NA         NA         NA         NA         NA      0.002710    6.000000   6.000000   5.800000   5.200000   5.722222   6.000000   5.400000   4.600000   4.600000   5.055555
 0.100000   0.000000   0.300000   0.200000   0.000000   0.000000   0.000000    5.000000   2.600000   1.400000   1.000000   2.222222   4.000000   2.200000   2.000000   2.000000   2.388889
 0.000000   0.000000   0.002875   0.070500   0.000000   0.000000   0.237200    5.000000   3.200000   1.400000   1.000000   2.388889   5.333333   3.000000   2.400000   1.800000   2.888889
 0.000000   0.000000   0.000000   0.000000   0.000000   0.000000   0.000000    1.000000   1.200000   1.000000   1.000000   1.055556   1.000000   1.000000   1.000000   1.000000   1.000000
 0.000000   0.000000   0.000000   0.000000   0.000000   0.000000   0.000000    1.000000   1.000000   1.000000   1.000000   1.000000   1.000000   1.000000   1.000000   1.000000   1.000000
 0.303290   0.000000   0.002690   0.116400   1.000000   0.080000   0.119950    3.666667   3.000000   4.200000   2.600000   3.333333   3.333333   3.000000   5.000000   4.000000   3.888889
 0.000000   0.000000   0.103555   0.303555   0.000000   0.000000   0.210650    1.000000   1.000000   1.000000   1.000000   1.000000   1.000000   1.000000   1.000000   1.000000   1.000000
 0.000000   0.005050   0.000000   0.000000      NA         NA      0.000000    6.000000   6.000000   6.000000   5.600000   5.888889   6.000000   5.400000   5.000000   4.800000   5.222222
 0.000000   0.008600   0.007300   0.000000   0.000000   0.000000   0.000000    1.000000   1.000000   1.000000   1.000000   1.000000   1.000000   1.000000   1.000000   1.000000   1.000000
    NA         NA      0.000000   0.000000   0.000000   0.000000   0.000000    2.000000   2.000000   2.000000   4.200000   2.611111   2.000000   2.000000   2.000000   3.400000   2.388889
 0.000000   0.000000   0.000000   0.000000   0.000000   0.000000   0.000000    1.000000   1.000000   1.000000   1.000000   1.000000   1.000000   1.000000   1.000000   1.000000   1.000000
    NA         NA         NA      0.000000   0.000000   0.000000   0.000000    3.500000   2.200000   2.000000   2.000000   2.305556   2.000000   2.000000   2.000000   2.000000   2.000000
    NA         NA         NA         NA         NA         NA         NA       4.000000   2.200000   2.000000   1.800000   2.333333   2.000000   2.000000   2.200000   2.000000   2.055556
    NA         NA         NA         NA         NA         NA         NA       4.666667   5.000000   5.000000   4.600000   4.833333   2.666667   3.000000   3.000000   3.000000   2.944444
    NA         NA         NA         NA         NA         NA         NA       4.000000   3.200000   2.000000   2.000000   2.666667   3.000000   3.000000   3.200000   3.800000   3.277778
    NA         NA         NA      0.000000      NA         NA      0.000000    4.000000   4.000000   4.000000   3.600000   3.888889   2.000000   2.000000   3.000000   2.800000   2.500000
