    NA      0.000000   0.000000   0.000000   0.000000   0.000000   0.200000   0.000000   0.000000   0.000000      NA      0.333000   0.000000   0.000000   0.000000   0.083333   0.123000
    NA         NA         NA      0.000000   0.000000      NA         NA         NA      0.000000   0.000000      NA         NA         NA      0.800000   0.600000   0.700000   0.700000
    NA         NA         NA      0.000000   0.000000      NA         NA         NA      0.000000   0.000000      NA         NA         NA      0.200000   0.000000   0.100000   0.100000
    NA      0.000000   0.000000   0.000000   0.000000      NA      0.000000   0.000000   0.000000   0.000000      NA      0.000000   0.000000   0.000000   0.000000   0.000000   0.000000
    NA      0.000000   0.000000   0.000000   0.000000   0.000000   0.200000   0.000000   0.000000   0.667000   0.000000   0.200000   0.200000   0.000000   0.800000   0.240000   0.413000
    NA      0.000000   0.057200   0.000000   0.000000   0.000000   0.400000   0.200000   0.200000   0.000000      NA      0.333000   0.400000   0.200000   0.000000   0.233333   0.393000
 0.000000   0.000000   0.000000   0.000000   0.000000   0.000000   0.000000   0.000000   0.000000   0.000000   0.200000   0.000000   0.000000   0.000000   0.200000   0.080000   0.080000
    NA         NA         NA         NA         NA         NA         NA         NA         NA         NA         NA         NA         NA         NA         NA         NA         NA
 0.000000   0.000000   0.000000   0.000000   0.000000   0.000000   0.200000   0.000000   0.200000   0.333000   0.000000   0.400000   0.000000   0.400000   0.400000   0.240000   0.387000
 0.000000   0.000000   0.000000   0.095200   0.000000   0.000000   0.000000   0.000000   0.200000   0.333000   0.000000   0.200000   0.400000   1.200000   1.000000   0.560000   0.667000
    NA         NA         NA         NA         NA         NA         NA         NA         NA         NA         NA         NA         NA         NA         NA         NA         NA
 0.000000   0.188000   0.166000   0.274000   0.000000   0.200000   0.200000   0.000000   0.000000   0.000000   0.200000   0.600000   0.400000   0.200000   0.000000   0.280000   0.360000
 0.000000   0.006810   0.005630   0.000000   0.000000   0.200000   0.000000   0.000000   0.000000   0.000000   0.000000   0.200000   0.200000   0.200000   0.000000   0.120000   0.160000
 0.000000   0.000000   0.012500   0.056900   0.000000   0.000000   0.000000   0.200000   0.000000   0.000000   0.200000   0.000000   0.600000   1.800000   0.800000   0.680000   0.720000
 0.000000   0.000000   0.000000   0.000000   0.000000   0.400000   0.000000   0.000000   0.000000   0.000000   0.200000   0.000000   0.000000   0.000000   0.000000   0.040000   0.120000
    NA      0.000000   0.000000   0.000000   0.000000      NA      0.000000   0.000000   0.000000   0.000000      NA      0.000000   0.000000   0.000000   0.200000   0.050000   0.050000
 0.080500   0.000000   0.000000   0.000000   0.000000   0.200000   0.200000   0.200000   0.200000   0.333000   0.000000   0.400000   0.200000   0.200000   0.800000   0.320000   0.547000
 0.000000   0.000000   0.085900   0.000000   0.036600   0.000000   0.000000   0.000000   0.000000   0.000000   0.000000   0.200000   0.200000   0.200000   0.200000   0.160000   0.160000
    NA         NA         NA      0.000000   0.000000      NA         NA      0.000000   0.000000   0.333000      NA         NA         NA      0.000000   0.400000   0.200000   0.311000
 0.000000   0.000000   0.000000   0.000000   0.000000   0.000000   0.000000   0.000000   0.000000   0.000000   0.000000   0.000000   0.000000   0.000000   0.000000   0.000000   0.000000
    NA      0.030000   0.000000   0.014600   0.000000   0.000000   0.000000   0.000000   0.000000   0.000000      NA      0.000000   0.000000   0.000000   0.200000   0.050000   0.050000
    NA      0.000000   0.000000   0.000000   0.140000      NA      0.000000   0.000000   0.000000   0.000000      NA      0.000000   0.200000   0.000000   0.000000   0.050000   0.050000
 0.000000   0.000000   0.000000   0.000000   0.000000   0.000000   0.000000   0.000000   0.000000   0.333000   0.000000   0.000000   0.000000   0.000000   0.800000   0.160000   0.227000
    NA         NA         NA      0.000000   0.000000      NA         NA         NA      0.000000   0.000000      NA         NA         NA      0.000000   0.200000   0.100000   0.100000
    NA      0.000000   0.000000   0.000000   0.029300   0.000000   0.000000   0.000000   0.000000   0.000000      NA      0.000000   0.000000   0.000000   0.000000   0.000000   0.000000
 0.000000   0.000000   0.000000   0.000000   0.000000   0.000000   0.200000   0.000000   0.000000   0.000000   0.200000   0.200000   0.000000   0.400000   0.200000   0.200000   0.240000
 0.000000   0.000000   0.000000   0.000000   0.000000   0.000000   0.000000   0.000000   0.200000   0.000000   0.000000   0.000000   0.000000   0.200000   0.600000   0.160000   0.200000
    NA      0.000000   0.000000   0.000000   0.000000      NA      0.000000   0.000000   0.000000   0.000000      NA      0.000000   0.000000   0.000000   0.000000   0.000000   0.000000
 0.000000   0.000000   0.012400   0.000000   0.000000   0.000000   0.000000   0.000000   0.000000   0.000000   0.000000   0.000000   0.200000   0.000000   0.200000   0.080000   0.080000
    NA         NA         NA      0.000000   0.000000      NA         NA         NA      0.000000   0.000000      NA         NA         NA      1.000000   1.000000   1.000000   1.000000
 0.000000   0.000000   0.000000   0.000000   0.000000   0.000000   0.000000   0.200000   0.000000   0.000000   0.200000   0.000000   0.000000   0.200000   0.200000   0.120000   0.160000
 0.000000   0.003340   0.000000   0.002610   0.000000   0.000000   0.400000   0.000000   0.200000   0.000000   0.000000   1.000000   0.200000   0.400000   0.400000   0.400000   0.520000
    NA      0.000000   0.000000   0.000000   0.000000   0.000000   0.000000   0.200000   0.000000   0.000000      NA      0.000000   0.200000   0.000000   0.200000   0.100000   0.140000
 0.000000   0.097200   0.000000   0.000000   0.000000   0.000000   0.000000   0.000000   0.000000   0.000000   0.000000   0.200000   0.000000   0.000000   0.000000   0.040000   0.040000
    NA         NA         NA      0.000000   0.000000      NA         NA         NA      0.250000   0.000000      NA         NA         NA      0.500000   0.400000   0.450000   0.575000
    NA      0.000000   0.074000   0.000000   0.000000   0.000000   0.400000   0.000000   0.000000   0.000000      NA      1.000000   0.200000   0.000000   0.000000   0.300000   0.380000
 0.000000   0.057600   0.000000   0.000000   0.000000   0.000000   0.200000   0.000000   0.000000   0.000000   0.200000   0.200000   0.400000   0.200000   0.200000   0.240000   0.280000
 0.022200   0.009720   0.008480   0.037600   0.000000   0.000000   0.000000   0.000000   0.000000   0.000000   0.000000   0.000000   0.000000   0.200000   0.000000   0.040000   0.040000
 0.000000   0.000000   0.014000   0.000000   0.000000   0.000000   0.200000   0.200000   0.000000   0.000000   0.000000   0.600000   1.000000   0.800000   0.600000   0.600000   0.680000
    NA      0.000000   0.000000   0.000000   0.000000      NA      0.000000   0.000000   0.000000   0.000000      NA      0.000000   0.000000   0.000000   0.200000   0.050000   0.050000
    NA      0.000000   0.013800   0.000000   0.000000   0.000000   0.000000   0.000000   0.000000   0.000000      NA      0.000000   0.000000   0.000000   0.200000   0.050000   0.050000
 0.000000   0.108000   0.000000   0.000000   0.000000   0.000000   0.200000   0.000000   0.000000   0.000000   0.200000   0.200000   0.200000   0.000000   0.000000   0.120000   0.160000
 0.046500   0.000000   0.000000   0.000000   0.000000   0.000000   0.000000   0.000000   0.000000   0.000000   0.000000   0.000000   0.000000   0.000000   0.000000   0.000000   0.000000
    NA      0.035000   0.060400   0.051800   0.014900   0.000000   0.000000   0.200000   0.200000   0.000000      NA      0.000000   0.600000   0.200000   0.600000   0.350000   0.430000
    NA         NA      0.000000   0.008930   0.000000      NA         NA      0.000000   0.000000   0.000000      NA         NA      0.000000   0.800000   0.000000   0.266667   0.267000
    NA      0.000000   0.000000   0.000000   0.000000   0.000000   0.000000   0.000000   0.000000   0.000000      NA      0.000000   0.000000   0.000000   0.200000   0.050000   0.050000
    NA      0.000000   0.000000   0.064200   0.132000      NA      0.000000   0.000000   0.000000   0.000000      NA      0.000000   0.000000   0.800000   0.400000   0.300000   0.300000
    NA         NA         NA      0.000000   0.000000      NA         NA      0.000000   0.000000   0.000000      NA         NA      0.000000   0.000000   0.000000   0.000000   0.000000
    NA      0.000000   0.000000   0.000000   0.000000      NA      0.000000   0.000000   0.000000   0.000000      NA      0.000000   0.000000   0.000000   0.000000   0.000000   0.000000
 0.000000   0.000000   0.018800   0.000000   0.000000   0.000000   0.000000   0.000000   0.000000   0.000000   0.000000   0.000000   0.000000   0.000000   0.000000   0.000000   0.000000
 0.000000   0.000000   0.000000   0.000000   0.000000   0.000000   0.000000   0.000000   0.000000   0.000000   0.000000   0.000000   0.000000   0.000000   0.000000   0.000000   0.000000
    NA         NA         NA         NA         NA         NA         NA         NA      0.000000   0.000000      NA         NA         NA      0.500000   0.400000   0.450000   0.450000
 0.058500   0.201000   0.044000   0.000000   0.000000   0.400000   0.200000   0.000000   0.000000   0.000000   0.400000   0.400000   0.000000   0.400000   0.000000   0.240000   0.360000
 0.000000   0.000000   0.000000   0.554000   1.351000   0.400000   0.000000   0.000000   0.200000   0.000000   0.400000   0.000000   0.200000   0.400000   1.200000   0.440000   0.560000
    NA         NA         NA         NA         NA         NA         NA      0.000000   0.200000   0.000000      NA         NA      0.000000   0.200000   0.400000   0.200000   0.267000
 0.048400   0.253000   0.490000   0.480000   1.056000   0.200000   0.000000   0.000000   0.000000   0.333000   0.800000   0.000000   0.200000   0.200000   0.800000   0.400000   0.507000
 0.051900   0.140000   0.000000   0.039600   0.000000   0.000000   0.000000   0.000000   0.000000   0.000000   0.200000   0.000000   0.200000   0.000000   0.400000   0.160000   0.160000
 0.000000   0.000000   0.000000   0.000000   0.000000   0.200000   0.000000   0.200000   0.400000   0.000000   0.200000   0.000000   0.200000   0.400000   0.000000   0.160000   0.320000
    NA      0.000000   0.000000   0.290000   0.092000   0.000000   0.000000   0.000000   0.000000   0.000000      NA      0.000000   0.000000   0.000000   0.000000   0.000000   0.000000
 0.000000   0.000000   0.003430   0.002980   0.002600   0.000000   0.000000   0.000000   0.000000   0.000000   0.000000   0.000000   0.000000   0.000000   0.000000   0.000000   0.000000
 0.000000   0.000000   0.000000   0.381000   0.000000   0.000000   0.000000   0.000000   0.200000   0.000000   0.000000   0.000000   0.000000   0.400000   0.400000   0.160000   0.200000
 0.000000   0.138000   0.131000   0.000000   0.000000   0.000000   0.200000   0.000000   0.000000   0.000000   0.000000   0.600000   0.000000   0.000000   0.000000   0.120000   0.160000
    NA         NA         NA      0.000000   0.000000      NA         NA         NA      0.000000   0.000000      NA         NA         NA      0.000000   0.000000   0.000000   0.000000
    NA         NA         NA         NA         NA         NA         NA         NA         NA         NA         NA         NA         NA         NA         NA         NA         NA
    NA      0.000000   0.000000   0.000000   0.000000   0.000000   0.000000   0.000000   0.000000   0.000000      NA      0.000000   0.200000   0.000000   0.000000   0.050000   0.050000
 0.003170   0.005060   0.000935   0.002770   0.000869   0.000000   0.000000   0.000000   0.000000   0.000000   0.000000   0.000000   0.000000   0.000000   0.000000   0.000000   0.000000
 0.009700   0.016900   0.213000   0.204000   0.000000   0.200000   0.200000   0.400000   0.200000   0.000000   1.800000   0.200000   1.000000   0.600000   0.200000   0.760000   0.960000
 0.053300   0.052100   0.137000   0.000000   0.035000   0.200000   0.200000   0.400000   0.400000   0.333000   0.600000   0.600000   2.000000   0.600000   0.600000   0.880000   1.190000
 0.000000   0.004280   0.000000   0.000000   0.000000   0.200000   0.000000   0.000000   0.000000   0.000000   0.400000   0.000000   0.000000   0.000000   0.000000   0.080000   0.120000
 0.000000   0.000000   0.102000   0.056800   0.070300   0.000000   0.000000   0.200000   0.000000   0.000000   0.000000   0.200000   0.400000   0.200000   0.000000   0.160000   0.200000
 0.000000   0.000000   0.000000   0.024900   0.052500   0.000000   0.000000   0.000000   0.000000   0.000000   0.000000   0.000000   0.000000   0.000000   0.000000   0.000000   0.000000
 0.000000   0.000000   0.000000   0.000000   0.000000   0.400000   0.200000   0.200000   0.200000   0.000000   0.600000   0.200000   0.600000   0.400000   0.000000   0.360000   0.560000
    NA      0.000000   0.000000   0.531000   0.785000      NA      0.000000   0.000000   0.000000   0.000000      NA      0.000000   0.000000   0.000000   0.000000   0.000000   0.000000
 0.099000   0.000000   0.000000   0.000000   0.000000   0.000000   0.000000   0.000000   0.000000   0.000000   0.400000   0.000000   0.000000   0.000000   0.000000   0.080000   0.080000
 0.000000   0.000000   0.000000   0.000000   0.043400   0.200000   0.200000   0.000000   0.200000   0.000000   0.200000   0.200000   0.000000   0.400000   0.000000   0.160000   0.280000
    NA         NA         NA      0.000000   0.000000      NA         NA         NA      0.000000   0.333000      NA         NA         NA      0.000000   0.800000   0.400000   0.567000
 0.000000   0.072400   0.284000   0.000000   0.000000   0.000000   0.000000   0.000000   0.000000   0.000000   0.000000   0.000000   0.000000   0.000000   0.000000   0.000000   0.000000
 0.051800   0.000000   0.000000   0.015200   0.000000   0.000000   0.000000   0.000000   0.000000   0.000000   1.400000   0.200000   0.000000   0.000000   0.000000   0.320000   0.320000
 0.000000   0.000000   0.000000   0.039300   0.036700   0.000000   0.000000   0.200000   0.600000   0.000000   0.000000   0.000000   0.200000   0.600000   1.000000   0.360000   0.520000
    NA         NA      0.000000   0.000000   0.000000      NA         NA      0.000000   0.000000   0.000000      NA         NA      0.000000   0.000000   0.200000   0.066667   0.067000
    NA         NA      0.004470   0.002610   0.002220      NA         NA      0.000000   0.400000   0.667000      NA         NA      0.000000   0.600000   0.200000   0.266667   0.622000
 0.000000   0.000000   0.000000   0.000000   0.000000   0.200000   0.000000   0.000000   0.000000   0.000000   0.200000   0.000000   0.400000   0.800000   0.200000   0.320000   0.360000
 0.000000   0.000000   0.000000   0.000000   0.000000   0.000000   0.000000   0.000000   0.000000   0.000000   0.000000   0.000000   0.000000   0.200000   0.000000   0.040000   0.040000
 0.000000   0.000000   0.000000   0.000000   0.000000   0.000000   0.000000   0.000000   0.000000   0.000000   0.000000   0.000000   0.000000   0.000000   0.000000   0.000000   0.000000
 0.000920   0.001550   0.000731   0.000950   0.001070   0.000000   0.000000   0.000000   0.000000   0.000000   0.000000   0.400000   0.200000   0.000000   0.000000   0.120000   0.120000
 0.003350   0.001770   0.000000   0.000000   0.000000   0.000000   0.200000   0.000000   0.000000   0.000000   0.200000   0.800000   0.000000   0.200000   0.000000   0.240000   0.280000
 0.000000   0.008310   0.020300   0.049700   0.059900   0.000000   0.000000   0.000000   0.000000   0.000000   0.200000   0.000000   0.000000   0.600000   0.400000   0.240000   0.240000
 0.000000   0.000000   0.041400   0.016300   0.000000   0.200000   0.200000   0.000000   0.000000   0.000000   1.400000   0.800000   0.600000   0.600000   0.200000   0.720000   0.800000
 0.000000   0.000000   0.063500   0.000000   0.050600   0.000000   0.000000   0.000000   0.000000   0.000000   0.000000   0.000000   0.000000   0.000000   0.000000   0.000000   0.000000
 0.008440   0.000000   0.001890   0.001770   0.000000   0.000000   0.000000   0.000000   0.000000   0.000000   0.000000   0.000000   0.000000   0.000000   0.000000   0.000000   0.000000
 0.118000   0.000000   0.343000   0.000000   0.000000   0.000000   0.000000   0.000000   0.000000   0.000000   0.000000   0.200000   0.800000   0.000000   0.000000   0.200000   0.200000
 0.008080   0.000000   0.005780   0.005330   0.000000   0.400000   0.000000   0.000000   0.000000   0.000000   0.200000   0.200000   0.400000   0.600000   0.200000   0.320000   0.400000
    NA      0.000000   0.000000   0.164000   0.000000   0.000000   0.000000   0.000000   0.000000   0.000000      NA      0.333000   0.000000   0.000000   0.000000   0.083333   0.083000
 0.000000   0.000000   0.000000   0.016300   0.000000   0.000000   0.000000   0.000000   0.000000   0.000000   0.000000   0.000000   0.000000   0.200000   0.000000   0.040000   0.040000
 0.000000   0.000000   0.000000   0.000000   0.000000   0.000000   0.000000   0.000000   0.000000   0.000000   0.400000   0.000000   0.000000   0.000000   0.000000   0.080000   0.080000
    NA         NA         NA         NA      0.000000      NA         NA      0.200000   0.000000   0.000000      NA         NA      1.000000   0.600000   0.000000   0.533333   0.600000
 0.000000   0.006890   0.009290   0.002820   0.004630   0.000000   0.200000   0.000000   0.200000   0.000000   0.000000   0.000000   0.600000   0.200000   0.400000   0.240000   0.320000
 0.000000   0.000000   0.035400   0.009040   0.033500   0.000000   0.000000   0.000000   0.000000   0.000000   0.000000   0.000000   0.200000   1.200000   0.800000   0.440000   0.440000
 0.000000   0.000000   0.000000   0.027600   0.000000   0.000000   0.000000   0.000000   0.000000   0.000000   0.400000   0.200000   0.000000   0.000000   0.000000   0.120000   0.120000
    NA      0.000000   0.000000   0.000000   0.000000      NA      0.000000   0.000000   0.000000   0.000000      NA      0.000000   0.000000   0.000000   0.000000   0.000000   0.000000
 0.000000   0.000000   0.000000   0.000000   0.025600   0.000000   0.000000   0.000000   0.000000   0.000000   0.000000   0.000000   0.200000   0.000000   0.200000   0.080000   0.080000
 0.000000   0.000000   0.000000   0.094000   0.022700   0.750000   0.200000   0.200000   0.000000   0.000000   1.500000   0.400000   0.600000   0.200000   0.400000   0.620000   0.850000
    NA      0.000000   0.013600   0.000000   0.000000   0.000000   0.000000   0.000000   0.000000   0.000000      NA      0.000000   0.200000   0.000000   0.000000   0.050000   0.050000
 0.000000   0.000000   0.000000   0.004590   0.000000   0.000000   0.000000   0.400000   0.400000   0.000000   0.000000   0.000000   0.400000   0.600000   0.400000   0.280000   0.440000
    NA         NA      1.212000   0.000000   0.000000      NA         NA      0.000000   0.000000   0.000000      NA         NA      0.667000   0.000000   0.000000   0.222222   0.222000
    NA      0.392000   0.034900   0.092100   0.083200   0.200000   0.200000   0.200000   0.000000   0.000000   0.400000   0.800000   0.200000   0.200000   0.400000   0.400000   0.520000
 0.000000   0.000000   0.000000   0.000000   0.000000   0.000000   0.000000   0.000000   0.000000   0.000000   0.000000   0.000000   0.000000   0.000000   0.000000   0.000000   0.000000
 0.000000   0.000000   0.000000   0.000000   0.000000   0.000000   0.000000   0.000000   0.000000   0.000000   0.000000   0.000000   0.000000   0.000000   0.000000   0.000000   0.000000
 0.349000   0.000000   1.308000   0.000000   0.000000   0.000000   0.000000   0.200000   0.000000   0.000000   0.000000   0.000000   0.000000   0.400000   0.000000   0.080000   0.120000
 0.000000   0.000000   0.000000   0.000000   0.000000   0.000000   0.000000   0.000000   0.000000   0.000000   0.000000   0.000000   0.000000   0.000000   0.000000   0.000000   0.000000
 0.000000   0.000000   0.000000   0.000000   0.000000   0.000000   0.000000   0.000000   0.000000   0.000000   0.000000   0.000000   0.000000   0.000000   0.000000   0.000000   0.000000
 0.008590   0.004100   0.003940   0.003780   0.007300   0.000000   0.000000   0.000000   0.000000   0.000000   0.000000   0.000000   0.000000   0.000000   0.000000   0.000000   0.000000
 0.000000   0.003360   0.009690   0.000000   0.003240   0.000000   0.000000   0.000000   0.000000   0.000000   0.000000   0.000000   0.000000   0.000000   0.400000   0.080000   0.080000
 0.023600   0.000000   0.000000   0.021800   0.020700   0.000000   0.200000   0.000000   0.000000   0.000000   0.000000   0.400000   0.200000   0.200000   0.000000   0.160000   0.200000
    NA         NA      0.000000   0.000000   0.000000   0.000000   0.000000   0.000000   0.000000   0.000000   0.000000   0.000000   0.000000   0.000000   0.000000   0.000000   0.000000
 0.000000   0.000000   0.000000   0.000000   0.000000   0.000000   0.000000   0.000000   0.000000   0.000000   0.000000   0.000000   0.000000   0.000000   0.000000   0.000000   0.000000
 0.000000   0.000000   0.064000   0.061100   0.000000   0.000000   0.000000   0.000000   0.000000   0.000000   0.000000   0.000000   0.000000   0.000000   0.000000   0.000000   0.000000
 0.000000   0.000000   0.000000   0.096400   0.024800   0.000000   0.000000   0.000000   0.000000   0.000000   0.000000   0.000000   0.000000   0.200000   0.000000   0.040000   0.040000
 0.000000   0.000000   0.000000   0.000000   0.000000   0.000000   0.000000   0.000000   0.000000   0.000000   0.000000   0.000000   0.000000   0.000000   0.000000   0.000000   0.000000
    NA      0.000000   0.000000   0.000000   0.000000   0.000000   0.000000   0.000000   0.000000   0.000000      NA      0.000000   0.000000   0.000000   0.000000   0.000000   0.000000
 0.000000   0.000000   0.000000   0.000000   0.000000   0.000000   0.000000   0.000000   0.000000   0.000000   0.000000   0.000000   0.000000   0.000000   0.000000   0.000000   0.000000
 0.000000   0.000000   0.000000   0.000000   0.000000   0.000000   0.000000   0.000000   0.000000   0.000000   0.000000   0.000000   0.000000   0.000000   0.000000   0.000000   0.000000
    NA         NA         NA         NA      0.005420   0.000000   0.000000   0.000000   0.000000   0.000000   0.000000   0.000000   0.000000   0.000000   0.000000   0.000000   0.000000
 0.000000   0.000000   0.000000   0.000000   0.000000   0.000000   0.000000   0.200000   0.000000   0.000000   0.200000   0.000000   0.600000   0.400000   0.000000   0.240000   0.280000
 0.000000   0.000000   0.005750   0.141000   0.074400   0.000000   0.000000   0.000000   0.000000   0.000000   0.000000   0.000000   0.000000   0.000000   0.400000   0.080000   0.080000
 0.000000   0.000000   0.000000   0.000000   0.000000   0.000000   0.000000   0.000000   0.000000   0.000000   0.000000   0.000000   0.000000   0.000000   0.000000   0.000000   0.000000
 0.000000   0.000000   0.000000   0.000000   0.000000   0.000000   0.000000   0.000000   0.000000   0.000000   0.000000   0.000000   0.000000   0.000000   0.000000   0.000000   0.000000
 0.006580   0.000000   0.005380   0.032800   0.039900   0.200000   0.000000   0.000000   0.000000   0.333000   0.600000   0.000000   0.000000   0.200000   0.200000   0.200000   0.307000
 0.000000   0.000000   0.007110   0.007110   0.021300   0.000000   0.000000   0.000000   0.000000   0.000000   0.000000   0.000000   0.200000   0.600000   0.400000   0.240000   0.240000
 0.000000   0.010100   0.000000   0.000000   0.000000   0.000000   0.000000   0.000000   0.000000   0.000000   0.000000   0.000000   0.000000   0.000000   0.000000   0.000000   0.000000
 0.000000   0.017200   0.014600   0.000000   0.000000   0.000000   0.000000   0.000000   0.000000   0.000000   0.000000   0.000000   0.000000   0.000000   0.000000   0.000000   0.000000
    NA         NA      0.000000   0.000000   0.000000      NA         NA      0.000000   0.000000   0.000000      NA         NA      0.000000   0.000000   0.000000   0.000000   0.000000
 0.000000   0.000000   0.000000   0.000000   0.000000   0.000000   0.000000   0.000000   0.000000   0.000000   0.000000   0.000000   0.000000   0.000000   0.000000   0.000000   0.000000
    NA         NA         NA      0.000000   0.000000      NA         NA         NA      0.000000   0.000000      NA         NA         NA      0.000000   0.000000   0.000000   0.000000
    NA         NA         NA         NA         NA         NA         NA         NA         NA         NA         NA         NA         NA         NA         NA         NA         NA
    NA         NA         NA         NA         NA         NA         NA      0.000000   0.000000   0.000000      NA         NA      0.000000   0.000000   0.000000   0.000000   0.000000
    NA         NA         NA         NA         NA         NA         NA         NA         NA         NA         NA         NA         NA         NA         NA         NA         NA
    NA         NA         NA      0.000000   0.000000   0.000000   0.000000   0.000000   0.000000   0.000000      NA      0.000000   0.000000   0.000000   0.000000   0.000000   0.000000

