  10800      11923      13746      16018      18740      21788 0.2644  0.2432  0.2142  0.2156  0.2170  0.2226  0.437300   0.459700   0.483700   0.474000   0.464900   0.454239   .0385185   .0328776   .0413211   .0418279   .0393276   .0394254
   4816       5180       5588       6520       7723       8754 0.4816  0.4591  0.4380  0.4454  0.4503  0.4321  0.418400   0.423700   0.428600   0.435200   0.441600   0.445884   .0276163   .0281853   .0288117   .0292945   .0296517   .0301576
   2237       2430       2693       3033       3459       3985 0.6136  0.5796  0.5464  0.5300  0.5125  0.4857  0.407400   0.422700   0.438400   0.448100   0.458900   0.466991   .0728654   .0572016   .0441886   .0356083   .0312229   .0293601
    481        549        623        755        902       1083 0.4385  0.4083  0.3814  0.3661  0.3562  0.3561  0.475900   0.495400   0.514600   0.505000   0.495200   0.490399    .033264   .0273224   .0256822   .0211921   .0454545   .0369344
   4452       4961       5550       6202       6957       7877     NA  0.5257  0.5103  0.5057  0.4915  0.4775     NA      0.428300   0.433900   0.437400   0.438400   0.440367   .0235849   .0260028   .0273874   .0275718   .0283168   .0288181
   2948       3224       3522       3680       4132       4731 0.6025  0.6004  0.5974  0.5741  0.5540  0.5369  0.404700   0.409600   0.417200   0.425400   0.437600   0.446686     .03019   .0313275    .032368   .0339674   .0336399   .0325513
   5297       5874       6610       7520       8653      10051 0.4884  0.4878  0.4767  0.4503  0.4159  0.3884  0.405200   0.408200   0.414000   0.418200   0.423500   0.432882   .0347366   .0348996   .0350983   .0352394   .0351323   .0347229
    196        229        267        278        289        324 0.3452  0.3409  0.3420  0.3510  0.3446  0.3700  0.434700   0.451200   0.475800   0.467700   0.459800   0.410974   .0459184   .0480349   .0524345   .0539568   .0622837   .0524691
   1534       1677       1849       2057       2320       2646 0.6037  0.5842  0.5642  0.5546  0.5249  0.4964  0.386400   0.392500   0.401500   0.409000   0.416200   0.425676    .041721   .0405486   .0394808   .0393777   .0396552   .0389267
   3064       3334       3652       4030       4477       5018 0.3927  0.3853  0.3781  0.3728  0.3652  0.3567  0.396300   0.403900   0.413700   0.417100   0.419600   0.422492   .0368799   .0362927   .0358708   .0359802   .0359616   .0358709
    215        240        274        320        392        463     NA      NA      NA      NA      NA  0.5163     NA         NA         NA         NA         NA      0.459372    .027907   .0291667   .0291971       .025   .0255102   .0259179
    988       1111       1263       1447       1669       1939 0.4611  0.4503  0.4354  0.4246  0.4044  0.3769  0.408200   0.414900   0.422100   0.426700   0.431600   0.436041    .034413   .0351035   .0348377   .0345543   .0341522   .0335224
  25922      29389      33053      36289      40875      46511 0.2906  0.2824  0.2775  0.2805  0.2721  0.2698  0.424300   0.419200   0.413200   0.406600   0.399600   0.396681   .0328293   .0414441   .0432033   .0423544   .0400979     .03855
  24191      27150      30623      34309      38750      43083 0.5117  0.5068  0.4976  0.4830  0.4667  0.4539  0.445100   0.446200   0.444400   0.442900   0.444400   0.448687   .0254227   .0241989   .0251118    .025999   .0264516   .0292227
    486        495        504        637        806        985 0.9541  0.9341  0.9167  0.7560  0.6298  0.5196  0.324600   0.327200   0.329700   0.331500   0.333500   0.346750    .063786   .0626263   .0595238   .0580848   .0583127   .0588832
    352        404        464        548        641        745 0.5296  0.5191  0.5141  0.4920  0.4559  0.4105  0.394500   0.406800   0.415700   0.418200   0.421300   0.423913     .03125    .029703   .0301724   .0291971   .0280811   .0281879
   6774       7828       8612       9831      10736      12839 0.4342  0.4097  0.3993  0.3935  0.4053  0.3934  0.445900   0.451800   0.457300   0.461800   0.464500   0.466247   .0253912   .0260603   .0267069   .0273624   .0279434   .0280396
   3136       3488       3900       4149       4461       4987 0.4906  0.4924  0.4891  0.4875  0.4814  0.4682  0.414300   0.418800   0.425100   0.426100   0.429900   0.429467   .0248724   .0252294   .0258974   .0260304   .0262273   .0262683
    542        524        525        627        795        873     NA      NA      NA      NA      NA      NA     NA         NA         NA         NA         NA         NA      .0332103   .0343511   .0342857   .0382775   .0402516   .0412371
   3799       4527       5515       6755       8194       9933 0.5402  0.5195  0.4995  0.4626  0.4259  0.3954  0.408400   0.417900   0.427200   0.437700   0.447800   0.455710   .0236904   .0238569    .024116   .0242783   .0246522   .0249673
   8332       9749      11498      13741      16632      20096 0.4456  0.4379  0.4304  0.4307  0.4252  0.4122  0.497000   0.503700   0.510200   0.515800   0.521600   0.525305   .0411666   .0408247   .0394851   .0370424   .0337903   .0309514
    870        963       1064       1187       1339       1538 0.5432  0.5271  0.5114  0.5029  0.4885  0.4725  0.405500   0.408500   0.412900   0.416300   0.420100   0.423469   .0390805   .0373832   .0357143   .0362258   .0358476   .0364109
   1039       1195       1385       1609       1876       2199 0.4190  0.4140  0.4091  0.4010  0.3911  0.3710  0.422500   0.429100   0.434700   0.444900   0.455100   0.467912   .0365736   .0376569   .0375451   .0372902   .0367804   .0368349
   5309       6016       6742       7595       8785      10237 0.5114  0.5003  0.4892  0.4838  0.4703  0.4416  0.411000   0.415600   0.419700   0.426500   0.434200   0.441887   .0280655   .0284242   .0289232   .0294931   .0297097   .0297939
   3529       3975       4518       5244       6183       7340 0.4976  0.4946  0.4786  0.4612  0.4436  0.4173  0.456200   0.460800   0.466400   0.465600   0.465000   0.460509   .0260697   .0241509   .0232404   .0215484   .0226427   .0247956
   4375       4922       5484       6169       6863       7915 0.3946  0.3787  0.3624  0.3567  0.3483  0.3517  0.434200   0.438800   0.444900   0.451800   0.460800   0.462025   .0235429    .023974   .0246171   .0249635   .0254991   .0257738
    991       1096       1221       1371       1551       1766 0.3692  0.3618  0.3549  0.3453  0.3331  0.3341  0.435700   0.442300   0.449400   0.453200   0.457900   0.464345   .0282543   .0282847    .029484   .0299052    .030303   .0305776
    660        753        826        892        966       1020 0.2970  0.3039  0.3112  0.3310  0.3427  0.3824  0.464900   0.450400   0.437400   0.386000   0.341400   0.317204   .0257576   .0252324   .0254237   .0280269   .0186335    .045098
  11626      13323      15310      17305      19382      22025 0.2809  0.2698  0.2644  0.2773  0.2935  0.3018  0.448700   0.462000   0.475600   0.453300   0.432000   0.409953   .0258902   .0346769   .0417374    .036579   .0408627   .0390919
   7461       8338       9395      10498      12095      13711 0.5247  0.5148  0.5049  0.5395  0.5705  0.5562  0.408400   0.415800   0.424300   0.427900   0.431800   0.432076   .0288165   .0296234   .0304417    .031244   .0315006   .0317993
   3028       3660       4165       4771       5586       6608 0.5910  0.5817  0.5730  0.5472  0.5195  0.5012  0.414700   0.425200   0.436300   0.447900   0.459500   0.466258   .0234478   .0237705   .0242497   .0243136   .0245256   .0245157
  42305      48676      56581      66346      78430      92016 0.3527  0.3546  0.3571  0.3678  0.3787  0.3670  0.454300   0.462100   0.470000   0.475800   0.481400   0.482562   .0230706   .0232764   .0237712   .0242667   .0247482   .0251369
   2742       3183       3728       4384       5163       6102 0.5587  0.5452  0.5322  0.5260  0.5197  0.5083  0.445100   0.460100   0.473400   0.475300   0.477100   0.481828   .0237053    .024191   .0241416   .0241788   .0238234   .0237627
   3187       3626       4158       4806       5538       6375 0.4207  0.4268  0.4329  0.4529  0.4628  0.4412  0.426600   0.430300   0.434900   0.437700   0.441000   0.443098   .0301224   .0289575    .028379    .028298   .0283496    .028549
     NA         NA         NA         NA         NA         NA     NA      NA      NA      NA      NA      NA     NA         NA         NA         NA         NA         NA            NA         NA         NA         NA         NA         NA
   2241       2429       2656       2931       3263       3665 0.4638  0.4507  0.4384  0.4167  0.3927  0.3697  0.401800   0.403500   0.405700   0.407700   0.408800   0.413417   .0307898   .0308769     .03125   .0313886   .0312596   .0313779
   2935       3267       3668       4156       5345       6370 0.4142  0.3797  0.3481  0.3654  0.3869  0.3714  0.416000   0.419900   0.425300   0.432300   0.441800   0.447514   .0293015    .030303   .0310796   .0312801   .0289991   .0277865
  17396      19832      22458      25301      28270      31569 0.3520  0.3613  0.3708  0.3505  0.3341  0.3428  0.400900   0.408700   0.416700   0.414700   0.412700   0.410460   .0386296   .0383723   .0380265   .0388127   .0397595   .0409896
  11165      12359      13859      16012      18681      21822 0.3519  0.3469  0.3375  0.3332  0.3258  0.3205  0.442500   0.444100   0.443600   0.446600   0.449200   0.451719   .0294671   .0275912   .0268418   .0271047   .0273005    .027816
    326        370        419        482        563        664 0.5457  0.5092  0.4739  0.4581  0.4344  0.4105  0.432400   0.438300   0.444700   0.448700   0.452600   0.458227   .0276074    .027027   .0286396   .0290456   .0284192   .0301205
  10026      11586      13513      15900      18867      22748 0.5506  0.5412  0.5308  0.5183  0.5070  0.4908  0.458900   0.466700   0.471800   0.477600   0.484300   0.488189   .0286256   .0256344   .0239769   .0231447   .0230561    .023035
   1514       1627       2020       2285       2615       3028 0.4639  0.4563  0.4489  0.4403  0.4318  0.4095  0.425300   0.430300   0.435400   0.440600   0.443300   0.448075   .0356671   .0331899   .0311881   .0310722     .03174   .0320343
   4221       4630       5127       5611       6384       7261 0.2798  0.2703  0.2586  0.2835  0.2989  0.3063  0.433700   0.447400   0.462300   0.440500   0.420200   0.391710   .0416963   .0356371   .0376438   .0351096   .0377506   .0384245
   6562       8047       9806      11183      13120      15647 0.4953  0.4874  0.4867  0.4870  0.4873  0.4804  0.466900   0.467600   0.468600   0.474600   0.476800   0.480565   .0263639   .0259724   .0258005   .0254851   .0250762   .0247971
  15310      17335      19769      22726      26225      30398 0.4755  0.4621  0.4454  0.4249  0.3957  0.3800  0.440300   0.442700   0.441500   0.446200   0.448900   0.453564   .0294579   .0285549   .0283272   .0283816   .0250524   .0252977
   3141       3614       4189       4841       5738       7006 0.3623  0.3576  0.3522  0.3454  0.3386  0.3344  0.451800   0.456500   0.460400   0.464900   0.469400   0.472946   .0235594    .024073   .0248269   .0258211   .0238759   .0235512
   3812       4466       5260       6143       7126       8292 0.4416  0.4328  0.4284  0.4268  0.4250  0.4057  0.455100   0.459600   0.465300   0.468600   0.472500   0.476089   .0285939   .0279893   .0269962   .0262087   .0262419   .0274964
     NA         NA         NA         NA         NA         NA     NA      NA      NA      NA      NA      NA     NA         NA         NA         NA         NA         NA            NA         NA         NA         NA         NA         NA
    231        235        239        246        249        253 0.3939  0.3872  0.3807  0.4212  0.4739  0.5020  0.380900   0.376200   0.372400   0.332600   0.297100   0.272638   .0649351   .0723404    .083682    .097561   .1044177   .1146245
  17909      19678      21324      22727      24043      25379 0.3727  0.3874  0.4083  0.4475  0.4928  0.5013  0.335400   0.317500   0.301900   0.260800   0.225200   0.215075   .0749902   .0766846   .0786438    .085361   .0951212   .1042988
   1236       1482       1731       1968       2284       2642 0.3022  0.3011  0.3075  0.3264  0.3503  0.3632  0.474000   0.467100   0.461500   0.421100   0.384300   0.366802   .0323625   .0310391   .0323512   .0340447   .0363398   .0389856
     NA         NA         NA         NA         NA         NA     NA      NA      NA      NA      NA      NA     NA         NA         NA         NA         NA         NA            NA         NA         NA         NA         NA         NA
   3231       3806       4423       5048       5697       6416 0.2806  0.2709  0.2616  0.2671  0.2757  0.2902  0.468200   0.475600   0.483900   0.460100   0.438500   0.407127   .0303312   .0299527    .029844   .0301109   .0312445    .032419
   2570       3006       3588       4085       4525       4768 0.3262  0.3314  0.3297  0.3353  0.3505  0.3842  0.451000   0.456100   0.461100   0.456400   0.451900   0.446106   .0256809   .0262808   .0278707   .0288862   .0307182   .0337668
     NA         NA         NA         NA         NA         NA     NA      NA      NA      NA      NA      NA     NA         NA         NA         NA         NA         NA            NA         NA         NA         NA         NA         NA
   3964       4568       5246       6023       6917       7963 0.3198  0.3105  0.3025  0.2934  0.2844  0.2839  0.460000   0.459900   0.459100   0.458900   0.458800   0.459384   .0264884   .0273643   .0284026   .0280591   .0284806   .0293859
   3807       4147       4535       4937       5370       5889 0.5330  0.5227  0.5203  0.4938  0.4726  0.4765  0.409300   0.419300   0.429800   0.432200   0.436000   0.435224   .0504334   .0487099    .046968   .0455742   .0443203   .0427916
   1935       2293       2627       3081       3662       4383 0.3195  0.3046  0.3007  0.2997  0.2946  0.2973  0.455900   0.466000   0.475500   0.476400   0.478200   0.469136    .022739   .0244222   .0255044   .0266147   .0297652   .0323979
   1629       1760       1869       2013       2133       2311 0.4100  0.3949  0.3804  0.4014  0.4354  0.4688  0.417100   0.442300   0.469600   0.435700   0.405700   0.366941   .0429711   .0539773   .0556447   .0581222   .0675105   .0705322
  38020      44752      52771      61918      70416      79376 0.2892  0.2822  0.2746  0.2900  0.3160  0.3321  0.456200   0.461200   0.466700   0.456700   0.446900   0.422018   .0330089   .0334287   .0339201   .0339966   .0354323   .0359932
   1493       1750       2053       2408       2771       3272 0.2966  0.2984  0.3013  0.2965  0.2977  0.3035  0.479700   0.481200   0.483000   0.478800   0.474300   0.467153   .0234427   .0234286   .0238675   .0236711    .024179   .0250611
   1148       1326       1531       1748       1956       2180 0.3336  0.3342  0.3364  0.3328  0.3359  0.3486  0.434900   0.438400   0.442200   0.422400   0.404300   0.375555   .0400697    .040724   .0404964   .0394737    .041411   .0449541
     NA         NA         NA         NA         NA         NA     NA      NA      NA      NA      NA      NA     NA         NA         NA         NA         NA         NA            NA         NA         NA         NA         NA         NA
     NA         NA         NA         NA         NA         NA     NA      NA      NA      NA      NA      NA     NA         NA         NA         NA         NA         NA            NA         NA         NA         NA         NA         NA
    843        896        971       1012       1082       1178 0.3621  0.3294  0.3319  0.3516  0.3626  0.3797  0.430500   0.425500   0.421000   0.381200   0.345200   0.329125   .0391459   .0357143   .0442842   .0494071   .0554529   .0551783
 180671     194303     205051     215972     227757     239283 0.4050  0.4111  0.4254  0.4533  0.4825  0.4881  0.310400   0.295600   0.282500   0.252300   0.225200   0.218790   .0923114   .0947283   .0980537   .1050877   .1128615   .1192312
  20616      22283      23962      26052      28237      30331 0.3934  0.3906  0.3897  0.3765  0.3649  0.3588  0.307800   0.300700   0.293500   0.296800   0.300200   0.309847   .0554424   .0622448   .0695268    .076117   .0817013   .0860835
   3428       3841       4325       4894       5570       6371 0.3454  0.3367  0.3267  0.3203  0.3122  0.3119  0.428100   0.428700   0.429900   0.432400   0.435000   0.437126    .031797   .0325436   .0332948   .0331018    .032675   .0320201
  72594      84292      95847     108032     121286     135564 0.3215  0.3219  0.3291  0.3458  0.3648  0.3662  0.435700   0.428700   0.422400   0.399100   0.377300   0.364046   .0289693     .03164   .0344716   .0369613   .0404334   .0429908
   7614       8579       9504      10350      11145      12122 0.3258  0.3153  0.3110  0.3223  0.3378  0.3528  0.393900   0.389600   0.385900   0.352900   0.322800   0.302278   .0474127    .049423   .0508207   .0536232   .0559892   .0583237
  15939      18506      21360      23991      26906      29879 0.3026  0.2947  0.2928  0.3002  0.3087  0.3236  0.463300   0.457900   0.453500   0.422600   0.394200   0.371577   .0321852   .0323138    .032912   .0348881   .0368319   .0386224
   4413       5162       6051       7035       8123       9317 0.3166  0.3107  0.3100  0.3041  0.3002  0.3027  0.448200   0.450500   0.453400   0.443000   0.433100   0.417902   .0401088   .0387447   .0373492   .0363895   .0363166   .0370291
    569        645        709        734        759        790 0.3011  0.2956  0.2985  0.3299  0.3815  0.4266  0.485100   0.480300   0.477000   0.432900   0.392900   0.369845   .0333919   .0341085   .0352609   .0367847   .0395257   .0379747
   1774       2051       2351       2682       3147       3693 0.3205  0.3178  0.3156  0.3288  0.3330  0.3312  0.460600   0.458200   0.457100   0.441700   0.426900   0.416610   .0326945   .0331546   .0340281   .0346756   .0346362    .034931
   9931      11467      13193      15161      17295      19417 0.3199  0.3036  0.2930  0.3006  0.3107  0.3201  0.433200   0.436500   0.440200   0.428600   0.417600   0.404442   .0343369   .0348827   .0346396   .0354198   .0359063   .0364114
    290        332        372        364        352        383 0.2793  0.2697  0.2661  0.2788  0.2921  0.2940  0.475600   0.478900   0.484000   0.437500   0.397200   0.370726   .0413793   .0391566   .0376344   .0384615   .0454545   .0417755
   2538       2693       2808       2829       2914       3008 0.4054  0.3970  0.3957  0.3967  0.3932  0.3983  0.278500   0.278800   0.279200   0.275000   0.270700   0.268811   .0811663   .0835499   .0886752    .096147   .1050103    .109375
   7502       8970      10604      12665      15024      17317 0.3182  0.3014  0.2900  0.3080  0.3293  0.3390  0.461000   0.458900   0.456700   0.433100   0.410900   0.395009   .0243935   .0261984    .028857   .0307935   .0319489   .0340706
  10775      12071      13623      15378      16063      14519 0.3343  0.3342  0.3309  0.3167  0.3008  0.2740  0.424800   0.425900   0.430200   0.429000   0.429200   0.418605   .0207889   .0213735   .0220216   .0236052   .0253377   .0266547
    156        191        220        272        347        429     NA      NA      NA  0.3385  0.4006  0.4340     NA         NA         NA      0.398300   0.345900   0.335641    .025641   .0209424   .0227273   .0220588   .0201729    .018648
  51419      58312      66671      76582      88219     101147 0.3392  0.3223  0.3076  0.2964  0.2872  0.2868  0.407700   0.429800   0.454900   0.457100   0.461000   0.458150   .0371264    .037145   .0350677   .0359876    .034097   .0308363
  21746      24167      27102      30441      33821      37544 0.4590  0.4546  0.4476  0.4494  0.4526  0.4520  0.410300   0.411100   0.413100   0.404100   0.395400   0.374846   .0341212   .0352961   .0372297   .0384679   .0398273   .0379022
 657492     729191     830675     927269     996134    1059522 0.5187  0.5383  0.5234  0.5283  0.5576  0.5942  0.389800   0.393400   0.397500   0.373700   0.354400   0.297468   .0483185   .0439624   .0431047   .0440325   .0472155   .0529286
   3075       3692       3942       4396       5039       5456 0.3894  0.3903  0.4173  0.4680  0.5023  0.5253  0.408900   0.387700   0.370100   0.307400   0.255300   0.236863   .0279675   .0325027   .0395738   .0539126   .0644969   .0756965
 442344     495156     554911     620701     688856     769183 0.4426  0.4259  0.4088  0.3973  0.3860  0.3833  0.397400   0.401600   0.404800   0.394000   0.385600   0.368113   .0343217   .0353788    .036541   .0382616   .0404947   .0425087
  96194     107041     120280     135666     150958     167332     NA  0.3902  0.3883  0.3822  0.3793  0.3853     NA      0.411700   0.422400   0.416800   0.410200   0.387127   .0333597   .0309508   .0306202   .0318503   .0334331   .0359824
  20301      24078      28397      33344      38635      44632 0.2942  0.2889  0.2854  0.2841  0.2855  0.2831  0.470700   0.466100   0.462100   0.451200   0.440600   0.427056   .0210334   .0266633    .030637   .0331094   .0335706   .0334737
   6847       7976       9356      11020      13291      15898 0.2671  0.2621  0.2553  0.2643  0.2689  0.2698  0.461200   0.463700   0.466000   0.468200   0.470200   0.469459   .0243902    .024323   .0243694   .0247731   .0257317   .0265442
   2114       2563       2974       3455       3878       4233 0.3590  0.3555  0.3679  0.3640  0.3729  0.3803  0.360400   0.345600   0.331200   0.328300   0.325400   0.316790   .0487228   .0585252    .066577   .0778582   .0861269   .0878809
  94096      98881     104331     111524     116807     120837 0.4752  0.4935  0.5104  0.4926  0.4889  0.4950  0.302300   0.268600   0.240200   0.238000   0.235600   0.217575   .0573563   .0624893   .0706501   .0788171   .0904055   .1030314
   1695       1962       2299       2600       2923       3407 0.2590  0.2578  0.2536  0.2359  0.2207  0.2279  0.444100   0.450800   0.458600   0.475900   0.494100   0.482356    .040708   .0366972    .031318   .0284615   .0311324   .0281773
  25003      28530      31923      35281      38124      40806 0.3381  0.3438  0.3573  0.3674  0.3863  0.4089  0.419500   0.418400   0.420900   0.378100   0.339900   0.312336    .033276   .0327725   .0329543   .0360817   .0381125   .0428859
    278        471        744       1007       1375       1720 0.4000  0.3571  0.3306  0.3490  0.3659  0.3954  0.348900   0.389800   0.435500   0.418300   0.402900   0.400303   .0215827   .0169851   .0174731   .0158888   .0138182   .0122093
   8140       9502      10853      12258      13763      15677 0.3461  0.3400  0.3404  0.3622  0.3878  0.3935  0.449600   0.449700   0.451100   0.421100   0.393400   0.377668   .0341523   .0322037    .034092   .0372818   .0365473   .0373158
   9404      10344      11488      13000      14858      16915 0.4908  0.4707  0.4529  0.4376  0.4193  0.4116  0.384500   0.398400   0.413100   0.424000   0.433800   0.432258   .0392386   .0348995   .0302054   .0328462   .0301521   .0300916
    505        571        654        766        984       1242     NA      NA      NA      NA  0.2846  0.2907     NA         NA         NA         NA      0.439900   0.442790   .0277228   .0262697   .0259939   .0274151   .0264228   .0249597
  49955      57145      65706      74734      85299     103233 0.3432  0.3323  0.3190  0.3121  0.3078  0.3099  0.436600   0.449500   0.463400   0.453200   0.443400   0.436187   .0415774   .0361886   .0316562   .0296385   .0288397   .0276849
  27561      32030      37540      42565      48317      55121 0.3816  0.3738  0.3661  0.3602  0.3560  0.3561  0.469600   0.461600   0.454800   0.437000   0.420600   0.404197   .0304416   .0293475   .0269046    .027041   .0340253   .0339798
   4075       4793       5745       7251       9372      11595 0.2817  0.2817  0.2764  0.2883  0.2935  0.2959  0.433100   0.439000   0.444900   0.443300   0.441700   0.445711   .0333742   .0327561   .0316797   .0300648   .0279556   .0263907
   1634       1880       2075       2263       2415       2558 0.3285  0.3321  0.3499  0.3977  0.4621  0.4793  0.432200   0.405800   0.388100   0.324200   0.270900   0.244671   .0208078   .0265957    .033253   .0410959    .047205   .0523847
   9889      11164      12514      13603      14819      16110 0.3590  0.3528  0.3473  0.3608  0.3703  0.3738  0.420700   0.420100   0.418900   0.384800   0.352600   0.345002   .0362018   .0367252   .0363593   .0407263   .0433902   .0468653
   4561       5325       6258       7438       8800      10458 0.2771  0.2640  0.2499  0.2487  0.2486  0.2482  0.444100   0.465800   0.488800   0.481800   0.475200   0.483447   .0379303   .0439437   .0442633   .0369723   .0318182   .0275387
  10792      12628      14676      16150      17805      19258 0.3352  0.3249  0.3171  0.3439  0.3723  0.3973  0.453900   0.422300   0.396300   0.356600   0.321100   0.295724   .0248332   .0265283   .0292314   .0349226    .042797   .0505245
  26392      30641      35745      41359      46718      51604 0.5093  0.5047  0.4998  0.4964  0.5050  0.5158  0.456100   0.452500   0.448600   0.421500   0.397400   0.362512   .0274704   .0292092   .0301301   .0299088   .0353183   .0363925
     90        144        223        505       1015       1349     NA      NA  0.4222  0.4448  0.5232  0.5059     NA         NA      0.349800   0.315700   0.285700   0.317984   .0333333   .0277778   .0224215    .019802   .0128079   .0155671
   4039       4492       4835       5337       6357       7621     NA      NA  0.2548  0.2313  0.2093  0.2107     NA         NA      0.428800   0.447900   0.467800   0.468615   .0319386   .0304987   .0312306   .0256699   .0251691    .024275
   7048       7271       7467       7579       7549       7558 0.4802  0.4473  0.4191  0.4293  0.4453  0.4638  0.221300   0.232700   0.244900   0.223300   0.205100   0.185809   .1204597   .1317563   .1407526   .1487004   .1540601   .1430273
   9153       9464       9656       9796       9852       9858 0.3852  0.3769  0.3745  0.3854  0.4009  0.4151  0.235200   0.235700   0.236300   0.218200   0.201600   0.189404   .1196329   .1260566   .1338028   .1390363   .1434226   .1395821
    573        582        615        609        629        665 0.4101  0.4223  0.4179  0.4506  0.4658  0.4685  0.366200   0.337400   0.310700   0.274800   0.243400   0.254109   .0593368   .0652921    .100813   .0985222   .1033386   .1067669
   4581       4758       4929       5060       5123       5122 0.4567  0.4690  0.4828  0.5014  0.5278  0.5444  0.252400   0.242300   0.233000   0.220200   0.208500   0.186909   .1058721   .1134931    .122743   .1339921   .1440562   .1491605
   4430       4564       4606       4711       4780       4902 0.4569  0.4623  0.4776  0.4858  0.4981  0.5069  0.304100   0.273500   0.246000   0.223600   0.203100   0.192868    .072009   .0788782   .0916196   .1061346   .1196653    .124847
  45684      48758      50772      52699      53880      55170 0.4321  0.4233  0.4250  0.4278  0.4386  0.4466  0.263800   0.255800   0.248300   0.235100   0.222900   0.213428   .1163865   .1210878   .1287127   .1347464   .1396622   .1295088
  55433      59012      60651      61829      61566      61024 0.4722  0.4528  0.4436  0.4466  0.4602  0.4817  0.213300   0.222300   0.231700   0.203400   0.181800   0.153627   .1084553   .1192639   .1317538   .1445438   .1551343   .1483351
   8327       8551       8793       9047       9643       9934 0.4065  0.3975  0.3880  0.3910  0.3804  0.3811  0.264600   0.256500   0.248600   0.238200   0.228000   0.215558   .0825027   .0885277   .1114523    .122361   .1313906   .1329776
     NA         NA         NA         NA         NA         NA     NA      NA  0.5316  0.5085  0.4873  0.4894     NA         NA      0.208100   0.213300   0.219200   0.216011         NA         NA         NA         NA         NA         NA
    176        192        204        218        228        241 0.3921  0.4017  0.4314  0.4654  0.5132  0.5270  0.346600   0.334300   0.323500   0.299000   0.276300   0.267453   .0795455   .0833333   .0882353   .0917431   .1008772   .0995851
   2834       2876       2954       3177       3401       3552 0.3948  0.3898  0.3810  0.3744  0.3702  0.3882  0.311100   0.311300   0.311400   0.308800   0.306000   0.295845    .111856   .1119611   .1120515   .1101668   .1073214   .1055743
  50200      52112      53822      55441      56434      57141 0.4128  0.4008  0.3905  0.3867  0.3888  0.3984  0.249300   0.246500   0.243600   0.231100   0.220000   0.194011   .0931076   .0996891   .1089332   .1204524    .131481   .1273866
    314        332        339        362        364        367 0.4190  0.3949  0.3853  0.3909  0.4164  0.4235  0.213300   0.215600   0.218200   0.204600   0.192200   0.176302   .1082803   .1174699   .1268437   .1298342   .1346154   .1307902
    329        320        326        328        364        344 0.2888  0.3176  0.3313  0.3640  0.3626  0.4029  0.368100   0.318600   0.276200   0.251300   0.230300   0.237506   .0729483    .078125   .0889571   .0945122   .0989011   .0988372
  11480      12292      13032      13653      14144      14484 0.3548  0.3567  0.3618  0.3714  0.3859  0.4045  0.300000   0.286000   0.272900   0.246300   0.223300   0.196108   .0900697   .0955906   .1015961   .1078884   .1151018   .1207539
   3581       3723       3877       4007       4086       4153 0.3926  0.4036  0.4142  0.4430  0.4796  0.4910  0.258800   0.251700   0.244700   0.232700   0.221800   0.201386   .1111421   .1195273   .1289657   .1367607   .1475771   .1550686
     NA         NA         NA         NA         NA         NA     NA      NA      NA      NA  0.5206  0.5166     NA         NA         NA         NA      0.242600   0.252689         NA         NA         NA         NA         NA         NA
   8826       9129       9044       9093       9766      10157 0.3801  0.3716  0.3745  0.4070  0.4386  0.4492  0.291400   0.288100   0.284000   0.271200   0.259200   0.245987   .0798776   .0825939   .0919947   .0987573   .1045464   .1198188
  30455      32056      33779      35596      37542      38602 0.3797  0.3668  0.3539  0.3496  0.3449  0.3563  0.274100   0.276700   0.279500   0.272400   0.265700   0.243070   .0820555   .0856314   .0978419   .1003203   .1068137   .1214704
   7480       7734       8043       8193       8310       8350 0.4374  0.4516  0.4635  0.4808  0.5010  0.5074  0.219900   0.213700   0.208300   0.201800   0.195900   0.182192   .1196524   .1265839   .1366406   .1511046   .1629362   .1785629
   5362       5857       6187       6339       6319       6470 0.4672  0.4666  0.4757  0.4717  0.4796  0.4903  0.236300   0.234700   0.233100   0.213800   0.197100   0.176288   .1005222   .1051733   .1134637   .1257296   .1384713   .1455951
  27509      31151      35321      40025      44438      50345 0.5076  0.4809  0.4550  0.4376  0.4259  0.4250  0.412000   0.411700   0.411500   0.398400   0.386400   0.363636   .0353339   .0414433   .0438832   .0451718   .0472343   .0424273
  52372      54350      55632      56226      56330      56618 0.4627  0.4581  0.4595  0.4645  0.4749  0.4845  0.232500   0.237300   0.242600   0.224600   0.208900   0.195048   .1168372    .120092    .129386   .1395084   .1507367   .1511533
  18402      19434      20371      21352      22304      23124 0.4542  0.4506  0.4505  0.4474  0.4465  0.4534  0.304900   0.289000   0.274300   0.260700   0.248000   0.238067   .0631997    .066996   .0778558   .0860341   .0938845   .0848037
  10315      11387      12552      13627      14695      15758 0.4058  0.4148  0.4280  0.4325  0.4590  0.4673  0.300900   0.294600   0.288400   0.270000   0.252900   0.235997    .084634   .0848336   .0834927   .0867396    .095883   .1013453
    394        464        520        576        634        699 0.2766  0.2792  0.2962  0.3092  0.3249  0.3300  0.479800   0.455700   0.434800   0.404700   0.376800   0.371759   .0253807   .0237069       .025   .0260417   .0283912   .0300429
   2372       2628       2820       3083       3113       3247 0.3727  0.3746  0.3897  0.3922  0.4285  0.4490  0.328800   0.323000   0.317500   0.291100   0.267200   0.241457    .086425   .0814307   .0847518   .0869283   .0995824    .104712
   1920       2148       2422       2729       3086       3460 0.5399  0.5332  0.5165  0.5105  0.4932  0.4799  0.404500   0.412100   0.420600   0.425000   0.430000   0.415757   .0291667   .0288641   .0301404   .0311469   .0155541   .0210983
     NA         NA         NA         NA         NA         NA     NA      NA      NA      NA      NA      NA     NA         NA         NA         NA         NA         NA            NA         NA         NA         NA         NA         NA
     NA         NA         NA         NA         NA         NA     NA      NA      NA      NA      NA      NA     NA         NA         NA         NA         NA         NA            NA         NA         NA         NA         NA         NA
     NA         NA         NA         NA         NA         NA     NA      NA      NA      NA      NA      NA     NA         NA         NA         NA         NA         NA            NA         NA         NA         NA         NA         NA
     NA         NA         NA         NA         NA         NA     NA      NA      NA      NA      NA      NA     NA         NA         NA         NA         NA         NA            NA         NA         NA         NA         NA         NA

