  .7511    .7990    .7222    .9053   1.0124    .8996   .7186    .7673    .6729    .8091    .8765    .8153    .9689   1.0339    .9161   1.1607   1.3201   1.0912    .7307    .7337    .6505    .7348    .8640    .8360
  .3423    .3611    .3906    .5826    .7978    .9421   .3139    .3407    .3555    .5483    .7632    .9365   1.1927   1.2201   1.0537   1.4376   1.9057   2.5466    .2671    .2727    .2908    .4165    .5959    .7678
  .3174    .3145    .2814    .3963    .4759    .2423   .3804    .3775    .3242    .4736    .5767    .2535   1.4533   1.5271   1.3887   1.5418    .9716    .6644    .1165    .1117    .1067    .1334    .1820    .1516
  .3687    .3607    .3845    .5679    .6540    .4285   .3895    .4072    .4279    .5652    .6092    .4051    .6162    .6433    .5747    .7986    .8539    .5415    .3770    .3725    .4531    .5012    .6085    .3888
  .4711    .5751    .4676    .5947    .7059    .3519   .4790    .5795    .4859    .5979    .7240    .3998    .9450   1.0857    .8319   1.1425   1.2710    .5582    .3207    .3639    .3152    .4373    .4927    .2490
  .4334    .4916    .5658    .4976    .6236    .4801   .4303    .5043    .6604    .5537    .6704    .5173   1.0422    .8202    .6933    .9958   1.0634    .8436    .3092    .3405    .2445    .2989    .4215    .3132
  .4368    .5171    .5167    .7248    .8665    .5597   .3839    .4673    .4727    .6942    .8454    .4683   1.4340   1.5531   1.3733   1.8493   1.5912   1.1577    .4621    .4567    .3830    .4139    .5034    .3161
  .5745    .6503    .5447   1.4080    .7025    .3528   .7412    .7812    .6927   1.4141    .7496    .4357    .5569    .6053    .4854   1.1226    .9375    .5966    .5577    .5532    .5003    .9381    .6368    .3761
  .3543    .4416    .3428    .5569    .6741    .4462   .3940    .4968    .4282    .6671    .7904    .4926    .9523   1.0439    .7438   1.3977   1.6150    .7973    .2014    .2391    .1996    .3046    .3683    .3052
  .3584    .4198    .3774    .5224    .6005    .3802   .3698    .4463    .4072    .5623    .6446    .4575   1.2639   1.4274   1.1704   1.4101   1.9419   1.6122    .2737    .3105    .2891    .3707    .4482    .2728
  .5664    .6224    .4884    .8158    .9875    .4739   .5989    .6508    .5331    .8739    .9975    .5354    .9399   1.0543    .7811   1.0018   1.2556    .8140    .5308    .5411    .4522    .6735    .8055    .4566
  .4247    .5078    .3640    .6782    .7495    .4390   .4687    .5613    .4351    .8050    .6578    .4494   1.3567   1.4342   1.0777   1.5020   2.6096   1.2618    .2495    .2507    .1948    .2933    .3609    .1908
  .6061    .5133    .4046    .4809    .4491    .4013   .5727    .4899    .3909    .4898    .4360    .4013   2.5017   2.1265   1.9246   2.2959   1.8420   1.4367    .4292    .3608    .3255    .2887    .2550    .2369
  .5875    .5408    .5563    .5135    .4495    .3891   .6360    .5379    .5508    .5431    .4819    .4212    .9064   1.3038   1.2209   1.0799   1.0414   1.2323    .2506    .3405    .3625    .3139    .2916    .2693
  .6615    .7056    .6029   1.3083   1.1439    .9029   .4440    .5000    .3630    .9553    .8845    .7044   1.0918   1.2485    .9518   1.5570   1.6868   1.0669   1.0168   1.0765   1.0042   1.2248   1.5664    .9587
  .5074    .5043    .4543    .5044    .4882    .3742   .4914    .4894    .4394    .4433    .4549    .4001   1.6072   1.4271   1.3697   1.0466   1.3063    .6380    .5941    .5608    .4343    .5893    .5550    .2782
  .7333   1.0026    .6724    .9842   1.9728    .6586   .6297    .9241    .6512    .9650   2.1635    .6909   1.4435   1.5198   1.1121   1.5940   2.1956   1.2055    .9180   1.0320    .5544    .7795   1.1121    .3651
 1.1544   1.1248   1.1508   1.2775   1.0689    .8149  1.1362   1.1162   1.1483   1.2778   1.1094    .8315   1.3369   1.3699   1.2636   1.4183   1.2829   1.2794    .9807    .9055    .9508    .9903    .8035    .5337
  .7335    .6950    .7347    .7503    .6225    .2898   .7623    .7402    .9295    .7902    .7606    .3586    .7658    .7672    .6348    .9277    .7175    .5221    .7050    .6429    .6001    .6922    .5395    .2860
  .5703    .5873    .5358    .7031   1.0695    .4778   .4900    .5005    .4452    .5999   1.1611    .3944   1.0663   1.1911    .9409   1.4245   1.3906    .9165    .6255    .6013    .4954    .6636    .6463    .4260
  .4866    .5202    .5504    .5176    .6126    .3925   .4951    .5126    .6025    .5195    .6043    .3697    .4682    .6397    .5317    .7514    .9443    .6529    .5143    .4637    .4424    .4320    .4871    .2905
  .4532    .4582    .4998    .3518    .4520    .1735   .5150    .5396    .5827    .5043    .6120    .3186    .7578    .7449    .6942    .5823    .7710    .4434    .6132    .6035    .5720    .4641    .5433    .2435
  .8637    .8769    .7654    .8169    .8238    .6186   .8627    .8437    .6460    .6348    .6796    .6132   1.0077   1.3041   1.6541   2.0332   1.8197   1.5058    .6514    .6211    .4459    .5003    .6969    .4689
  .3511    .3813    .3652    .5634    .6453    .3840   .3243    .3522    .3326    .5510    .6250    .3979   2.1138   2.3556   2.5581   3.0442   5.0722   2.7240    .5025    .5133    .3900    .4581    .4749    .2274
  .4350    .4704    .3762    .4317    .4877    .3155   .4622    .4883    .3866    .4151    .4855    .3193    .7049    .8536    .5482    .7942    .8989    .6105    .4305    .4137    .3599    .3539    .4066    .2365
  .2948    .4144    .4212    .6098    .6747    .2780   .3204    .4476    .4619    .6722    .7216    .3403    .9855   1.1732    .9259   1.4233   1.6474    .7915    .1469    .1929    .1867    .3086    .3468    .1744
  .4365    .5521    .4633    .6726    .6744    .5110   .4305    .4880    .3813    .7840    .7509    .5424   2.1540   2.2236   2.4327   1.1140   1.2537    .7599    .4050    .4318    .2727    .3688    .4333    .3862
  .3100    .3248    .2991    .3597    .3820    .2551   .3192    .3062    .2866    .3059    .3674    .2272    .5037    .5274    .4283    .6517    .9292    .6190    .3637    .3331    .2858    .3137    .3173    .1872
  .7479    .5878    .5157    .6388    .6714    .3088   .7209    .5303    .4801    .5999    .6163    .3073   1.2177   1.1705    .8831   1.0087   1.2761    .6550    .6422    .6868    .5019    .6087    .6069    .2169
  .2228    .2205    .2269    .2741    .2871    .3534   .2154    .2201    .2198    .2730    .3238    .3859   2.0633   2.1321   1.8334   2.1581   2.4068   2.0187    .1505    .1445    .1474    .1701    .1888    .2785
  .8601    .8771    .5716    .7661    .9487    .4118   .9809    .9892    .6368    .8784    .7586    .4507   1.0871   1.1393    .8086   1.0988   2.9689    .7421    .3762    .3496    .2833    .3529    .5520    .2492
  .6770    .7475    .8008    .9797   1.1978    .9440   .6957    .7796    .9908   1.2110   1.2588   1.0195   1.1958   1.1481    .7345   1.0091   1.5141    .9707    .3035    .3009    .3045    .4749    .7668    .6569
  .2499    .3868    .2492    .3979    .4008    .3847   .2474    .4046    .2595    .4326    .4007    .4124   1.5957   1.9768    .7310   1.1862   1.3226    .8377    .1302    .2004    .1546    .2460    .3020    .2123
  .6529    .6030    .4903    .6869    .6675    .3633   .7523    .6423    .4671    .6429    .6557    .3920    .7549   1.3399   1.1631   1.7797   1.7555   1.0488    .4434    .3710    .4062    .5344    .5916    .2745
  .7635    .7976    .6250    .8271   1.0359    .8527   .7636    .7786    .6253    .8510    .8689    .8225   1.5240   1.6216   1.1728   1.2067   1.7171   1.1203    .6131    .5863    .4815    .6099    .8302    .8285
     NA    .3999    .3403    .3471    .4257    .4226      NA    .4582    .3839    .4541    .5336    .5098       NA   2.1101   2.4106   3.2403   3.6274   2.6917       NA    .1254    .0807    .1034    .1134    .1052
  .2562    .3321    .2764    .3750   1.3181    .5560   .2361    .3162    .2616    .3448   1.0805    .5594    .5951    .6975    .6951   1.4084   1.8304    .7961    .2881    .3563    .3210    .3535    .8693    .4649
  .6683    .7079    .6814    .7475    .9232    .5217   .6457    .6945    .6797    .6939    .8595    .4812    .8300    .9115    .8156    .9881   1.1733    .6118    .4749    .4936    .5356    .6214    .7250    .4444
     NA       NA       NA    .4860    .4112    .4567      NA       NA       NA    .5353    .4679    .5042       NA       NA       NA   2.3316   2.1028   2.2543       NA       NA       NA    .2293    .2121    .2499
  .4040    .4584    .3794    .5043    .5386    .2671   .3021    .3311    .3277    .4459    .5410    .3044    .5878    .6394    .5760    .6431    .9449    .4656    .3350    .3402    .3508    .3821    .4897    .2866
  .6116    .6710    .6188    .6403    .7582    .7220   .6375    .7429    .7060    .7942    .9062    .9476    .9451    .9579    .8439    .9107   1.0048    .8010    .3270    .3050    .2990    .3180    .3519    .3365
  .6901    .6523    .4862    .9365    .8035    .4067   .6386    .5824    .4235   1.1489    .7928    .4094    .7843    .7677    .5244    .8362   1.0585    .5827    .8321    .7136    .5552    .7010    .6449    .3296
  .6401    .6101    .5311    .7213    .7055    .4218   .6009    .5618    .5345    .6582    .6155    .3736   1.1337   1.1515    .6033   1.1392   1.2500    .8035    .6887    .5483    .5056    .5992    .6121    .3990
  .4720    .4993    .4652    .3320    .4726    .5296   .0865    .0969    .0923    .1558    .4479    .5413    .2379    .1940    .2340    .3498    .7667    .9244    .0519    .0631    .0591    .0803    .2701    .3111
 1.3527   1.6674   1.0402   1.5667   1.4909    .5379  1.4689   1.8198   1.0589   1.4827   1.7186    .5517   4.0936   3.3549   3.8663   4.6830   1.5739    .8625    .7038    .8146    .5552    .7413    .6373    .2720
  .5809    .7142    .7374    .7465    .9161    .4309   .5554    .6854    .7373    .8336   1.0361    .4598    .4829    .8324    .8003    .9108   1.2810    .6365    .5766    .5197    .5169    .5826    .6117    .3136
  .6858    .7219    .6688    .8177    .8329    .4567   .6705    .6986    .6284    .7564    .7839    .4264    .6349    .5710    .6898    .8957   1.0038    .6038   1.0718   1.0738    .9559   1.0523    .8931    .4294
     NA       NA       NA       NA    .7716    .8104      NA       NA       NA       NA    .6220    .6611       NA       NA       NA       NA   1.2669   1.2730       NA       NA       NA       NA   1.4760   1.6084
  .4775    .5387    .4584    .5440    .7028    .7592   .4545    .5077    .4137    .4798    .6117    .6256   1.0005    .8583    .8277    .8709   1.0591    .9395    .7188    .8735    .8697    .9714    .7888   1.2647
 1.0909   1.0076   1.0440   1.1196    .9636    .8795  1.0556    .9458    .9780   1.0175    .8983    .8327   1.0808   1.0570    .9785   1.0992    .8422    .6781   1.3112   1.2322   1.4772   1.6146   1.5625   1.5885
  .6955    .5385    .5276    .5962    .7615    .4838   .7221    .6051    .5552    .6425    .7954    .4506    .9734    .6275    .7064    .7496    .8400    .7171    .4300    .3545    .3636    .4242    .6597    .4046
     NA       NA       NA       NA       NA    .5532      NA       NA       NA       NA       NA    .5733       NA       NA       NA       NA       NA    .7508       NA       NA       NA       NA       NA    .5353
  .6544    .6611    .5917    .6689    .6450    .3371   .6126    .6820    .5826    .6750    .6536    .3542    .9706    .9048    .7473    .7350    .7606    .4127    .5992    .5525    .6034    .5003    .5462    .2292
  .5353    .4847    .4149    .4106    .4990    .4743   .5399    .4755    .4100    .3932    .4961    .5280    .9209    .9210    .7428    .9096    .8487    .7881    .3550    .3148    .2837    .2679    .3579    .3049
     NA       NA       NA       NA       NA    .6668      NA       NA       NA       NA       NA    .5796       NA       NA       NA       NA       NA   1.1107       NA       NA       NA       NA       NA    .9796
  .5333    .5035    .4470    .4949    .5620    .5938   .5264    .4833    .4241    .4714    .5377    .5859    .7250    .7697    .6230    .7815    .8802    .9456    .5170    .5195    .4575    .4281    .5008    .4262
  .2752    .3160    .2855    .3400    .3515    .3968   .2694    .3368    .2976    .3583    .3746    .4267    .9340   1.0024    .7864    .6490    .6294    .6480    .1546    .1681    .1568    .2057    .2101    .2589
  .6009    .6400    .5896    .5607    .5803    .6135   .5939    .6281    .5875    .5863    .5711    .6119    .8096    .8284    .8273    .7547    .8310    .7880    .5059    .5136    .4613    .4158    .4674    .5398
  .7851    .8223    .7439    .9232    .7026    .4097   .7789    .7923    .7307    .8862    .6370    .3878    .7594    .8396    .7211    .8305    .8077    .6340   1.1356   1.1724   1.0187   1.4221    .9080    .4549
  .4245    .4769    .4833    .6126    .6069    .4443   .4088    .4564    .4699    .5964    .5572    .3961    .5519    .6043    .5666    .6680    .7188    .5699    .4752    .4812    .5104    .7176    .8045    .4615
  .5050    .4990    .4751    .5573    .5749    .5473   .4762    .4521    .4349    .5245    .6076    .5187    .8715    .8353    .6853    .9108    .7368    .8214    .5005    .5767    .6464    .6010    .5739    .5201
  .8089    .7848    .6768    .6812    .7069    .6669   .9021    .8694    .7248    .7606    .7374    .7161    .8845    .8756    .7232    .7375    .7924    .6123    .4759    .4522    .5142    .5189    .5759    .5817
     NA       NA       NA       NA       NA    .5711      NA       NA       NA       NA       NA    .4996       NA       NA       NA       NA       NA    .6394       NA       NA       NA       NA       NA   1.0139
     NA       NA       NA       NA       NA    .4774      NA       NA       NA       NA       NA    .4656       NA       NA       NA       NA       NA    .6230       NA       NA       NA       NA       NA    .4345
  .4185    .4188    .3748    .5449    .6060    .6496   .2760    .2915    .2710    .3460    .4171    .5027    .7962    .8580   1.0293   1.0123   1.0121    .7402    .9335    .9094    .6777    .7856    .9035   1.3213
 1.0000   1.0000   1.0000   1.0000   1.0000   1.0000   .9821    .9888    .9854    .9726    .9717    .9901    .8861    .8844    .8156    .8287    .8392    .7619   1.2592   1.2443   1.3590   1.3979   1.4523   1.5498
  .5820    .6153    .6093    .6211   1.4532    .5580   .5478    .5569    .5543    .5081   1.2893    .5317    .9392   1.0021    .8527   1.0687   1.8498    .6183    .4393    .5766    .6476    .7964   1.8354    .5522
  .3290    .3710    .3823    .5186    .5849    .4780   .3633    .4126    .4089    .6215    .6594    .4566    .3858    .4118    .4135    .6049    .5480    .8533    .2095    .2343    .2303    .2407    .3692    .4815
  .4254    .4334    .4788    .6107    .5786    .4162   .4128    .4149    .4723    .6298    .5874    .3789    .4635    .4767    .4850    .5949    .5624    .4724    .4664    .4304    .5204    .6246    .6177    .4734
  .5616    .7083    .5710    .4384    .7881    .4075   .6103    .7571    .5956    .5011    .8510    .4232    .6387    .7977    .6090    .5437    .9100    .4808    .3504    .4387    .4305    .2618    .5004    .2828
  .5528    .5860    .4234    .4227    .5491    .4091   .5549    .5853    .4146    .4144    .5428    .3890    .5862    .6405    .4898    .4685    .5980    .5009    .4779    .4873    .4184    .3712    .4986    .3851
  .5012    .4301    .4016    .4400    .5591    .4567   .6166    .5015    .4673    .5116    .6081    .4700    .2865    .3122    .3007    .3921    .5131    .4122    .3338    .2857    .3461    .3812    .4813    .3608
  .6459    .6585    .5431    .4912    .4747    .4719   .7261    .7454    .6561    .5772    .5407    .4921    .6738    .6959    .5267    .5955    .7458    .6765    .4262    .4287    .3481    .2969    .3385    .4066
  .4825    .5349    .4709    .6363    .7454    .3793   .4942    .5279    .4799    .6242    .7433    .3825    .8901   1.0263    .7803   1.0606   1.0010    .5384    .2717    .2883    .2708    .3201    .4283    .2252
  .4669    .5664    .5330    .7019    .5140    .3516   .3690    .5944    .5190    .7749    .5200    .3176    .8987    .5428    .5815    .6852    .5758    .5390    .3248    .4902    .5215    .5624    .3865    .2617
  .5304    .5284    .5445    .7769    .6873    .7428   .3762    .3971    .4212    .7383    .5869    .5469    .9969   1.0183    .8460    .8580    .9860   1.4443    .8639    .7629    .7638    .8176    .8235   1.2400
  .4179    .3186    .5376    .5609    .8706    .4206   .3842    .2609    .5039    .5510    .9646    .4262    .6227    .4206    .5768    .6210    .7075    .3597    .5009    .4881    .7273    .6026    .8451    .3639
  .9705    .8139    .7317    .7159    .8103    .5928   .9077    .7522    .6776    .6330    .7337    .5556   1.1015    .9786    .8834    .8626    .9896    .6703   1.0188    .6815    .6170    .6515    .7857    .5069
     NA       NA       NA       NA       NA       NA      NA       NA       NA       NA       NA       NA       NA       NA       NA       NA       NA       NA       NA       NA       NA       NA       NA       NA
     NA       NA       NA       NA       NA    .9222      NA       NA       NA       NA       NA    .7560       NA       NA       NA       NA       NA    .9623       NA       NA       NA       NA       NA   1.1735
  .2939    .2560    .2753    .2022    .1867    .1469   .3476    .3695    .3831    .2739    .2641    .2118    .5067    .4215    .5648    .8469    .6581    .4862    .0615    .0614    .0721    .0273    .0324    .0309
  .8596    .7111    .7037    .5705    .4646    .3190   .8572    .7146    .7580    .6180    .4738    .3320   1.0442   1.0971    .9160    .6831    .7284    .5189    .8647    .6153    .4775    .3845    .3020    .2222
     NA       NA    .3623    .3372    .3069    .1531      NA       NA    .4091    .3886    .3542    .1752       NA       NA    .7528    .6600    .5950    .2865       NA       NA    .0925    .0829    .0797    .0418
  .5880    .5951    .5628    .7454    .8104    .5768   .5622    .5641    .5265    .7094    .7101    .5228    .6697    .7535    .6326    .8389   1.0823    .6553   3.2260    .6290    .6252    .7917    .8983    .7457
  .4038    .5537    .3924    .3851    .4195    .3113   .4589    .6260    .4164    .4024    .4574    .3262    .4420    .6531    .4320    .4535    .4948    .4058    .1757    .2576    .2439    .2358    .2404    .1957
  .3410    .3397    .3434    .5191    .5305    .3295   .3447    .3565    .3480    .5092    .4742    .3399    .3989    .3176    .4193    .6143    .6501    .3171    .2831    .2150    .2595    .3753    .3772    .2821
  .4038    .4222    .3573    .6312    .9462   1.0129   .3660    .3936    .3087    .5471    .9848   1.0125    .4536    .4170    .3737    .6049    .8370    .8827    .5629    .5973    .5037    .7604   1.0723   1.2416
  .3623    .3217    .3366    .4770    .6470    .7936   .2664    .2440    .2701    .3493    .3371    .7019    .9081    .8817    .7403    .9437   1.4553    .9788    .2790    .2538    .2444    .3315    .4392    .7973
 1.3000   1.0646    .8634   1.0452   1.0189    .7676  1.5183   1.2188    .9910   1.2149   1.0273    .7825   1.0376    .9759    .7769    .9110    .9402    .6855    .8773    .7500    .8219    .9410   1.0515    .8300
  .5344    .6435    .6607    .9397   1.1198    .9267   .4980    .6228    .6650    .9798   1.1935    .9964    .7018    .7404    .6534    .8464    .9723    .7638    .3622    .4819    .6318   1.0768   1.2684   1.1176
  .4506    .4090    .4753    .6626    .7330    .5123   .4294    .3733    .4977    .7665    .7415    .5780    .8233    .7922    .4338    .7695   1.0648    .7332    .7984    .7016    .7130    .6673    .6756    .5169
  .6116    .3281    .4313    .4827    .6789    .5337   .6150    .3434    .4646    .5105    .6916    .5271    .9252    .4839    .4699    .5122    .6896    .5056    .5898    .2373    .3597    .4429    .7238    .6485
     NA       NA       NA       NA       NA    .9596      NA       NA       NA       NA       NA    .8962       NA       NA       NA       NA       NA    .8537       NA       NA       NA       NA       NA   1.2328
  .5832    .5576    .4952    .5897    .5849    .4884   .5219    .5081    .4641    .5740    .5440    .4740    .5970    .6168    .4847    .6004    .6130    .4620    .6362    .6225    .5780    .6206    .6374    .5062
  .2870    .4401    .3529    .3433    .1998    .1678   .3692    .5930    .4800    .4404    .3803    .2857    .9267    .5867    .4920    .8135    .3709    .3883    .0306    .0463    .0382    .0835    .0277    .0352
     NA       NA       NA       NA       NA    .8896      NA       NA       NA       NA       NA    .7466       NA       NA       NA       NA       NA    .9180       NA       NA       NA       NA       NA   1.0430
  .3879    .3664    .4143    .3320    .3354    .2651   .4123    .3869    .4132    .3601    .3473    .2850    .5241    .6158    .6631    .5053    .5988    .4186    .3231    .2615    .3542    .2320    .2529    .2013
  .6943    .4535    .3366    .3935    .4584    .3693   .6653    .4191    .3283    .3855    .4736    .3834   1.1951    .8013    .4629    .6680    .6173    .4512    .4665    .3221    .2277    .2297    .2592    .1945
     NA       NA       NA       NA       NA    .9006      NA       NA       NA       NA       NA    .7987       NA       NA       NA       NA       NA    .8950       NA       NA       NA       NA       NA   1.1415
  .8693    .8650    .7193    .9495    .9176    .7945   .8579    .8449    .7393    .8856    .8408    .6951    .9880    .9219    .7430   1.0305   1.0051    .8475   1.1141   1.0905    .9175   1.1339   1.0861   1.1462
  .3851    .4164    .3692    .4027    .1886    .1783   .4059    .4434    .3872    .4684    .2420    .2087    .6810    .6314    .5274    .4308    .2196    .2197    .2408    .2473    .2313    .2153    .1266    .1105
  .5834    .5547    .4197    .4885    .4501    .3890   .5855    .5474    .4048    .4523    .4227    .3737    .4319    .4206    .4727    .7313    .6315    .4591    .9023    .7690    .5174    .5838    .6031    .5433
  .3696    .3993    .4178    .5409    .6148    .5570   .4475    .4564    .4738    .6263    .6963    .5929    .5288    .5535    .4669    .5718    .6288    .4674    .2181    .2302    .2766    .3599    .4398    .4146
  .3521    .3677    .3341    .3955    .4038    .2983   .3361    .3500    .3172    .3815    .4011    .2983    .5121    .5163    .4557    .5605    .5579    .3825    .3355    .3213    .3255    .3158    .3232    .2419
     NA       NA       NA       NA       NA   1.0206      NA       NA       NA       NA       NA    .8722       NA       NA       NA       NA       NA    .9322       NA       NA       NA       NA       NA   1.6668
     NA       NA    .2255    .3461    .5093    .4175      NA       NA    .2723    .3962    .6013    .4898       NA       NA    .4989    .8105   1.0505    .7610       NA       NA    .1335    .2962    .4353    .3318
  .5955    .6893    .6694   1.0142   1.2274    .7721   .5699    .6477    .6318    .9640   1.1651    .7327    .6838    .8158    .6845    .9705   1.1328    .6866    .5539    .6651    .7921   1.3312   1.6874   1.1290
  .7425    .8182    .7866   1.1594   1.3353    .7148   .7487    .8192    .7816   1.1405   1.2977    .7007    .6466    .7625    .7023   1.0122   1.1049    .5508    .9417    .9328    .9923   1.5652   1.9366   1.0133
  .7585    .7595    .6244    .7029    .8756    .5632  1.0289    .9791    .7419    .7470    .8847    .5667    .4882    .5189    .4832    .7894    .9198    .6117    .4487    .5331    .5805    .6662    .8576    .6353
  .6569    .8021    .8267   1.3106   1.4546    .8810   .6681    .8000    .8332   1.2854   1.4464    .8751    .6458    .7627    .6998   1.0485   1.1031    .6786    .6486    .9055   1.0828   1.7350   1.8527   1.1649
  .7473    .8915    .7406   1.1321   1.2512    .9091   .8825   1.0345    .8589   1.2457   1.3876    .9639    .5477    .6506    .5408    .8741    .9391    .6547    .8126   1.0176    .9727   1.4881   1.6235   1.2919
  .7648    .8678    .7500   1.1267   1.3292    .7780   .7607    .8532    .7522   1.1489   1.3562    .7875    .7554    .8721    .6730    .9475   1.0577    .5807    .7721    .9163    .9239   1.4228   1.7870   1.0896
  .6829    .7949    .8189   1.1937   1.3757    .8090   .7164    .8172    .8322   1.2056   1.3771    .8020    .5887    .7205    .6983    .9227   1.0801    .6135    .7296    .8695   1.0537   1.6677   1.9772   1.1593
  .7154    .7621    .7027    .8511    .9097    .5443   .7662    .8153    .7375    .8802    .9239    .5314    .6002    .6893    .6230    .7537    .7665    .5279    .7418    .8124    .9116   1.0388   1.2218    .8698
     NA       NA    .4047    .4231    .5150    .3645      NA       NA    .3628    .4064    .5284    .3639       NA       NA    .5633    .5174    .5058    .3550       NA       NA    .3584    .4165    .5175    .3463
 1.0183   1.3003    .9338   1.2888   1.5223    .9851  1.1193   1.4504    .9599   1.3719   1.5804   1.0643    .8994   1.1287    .8333   1.0497   1.2536    .7194    .8097   1.1047   1.0069   1.4338   1.9758   1.1649
  .6882    .7884    .6938    .8569   1.1323    .7366   .7192    .8236    .7294    .8412   1.0997    .7278    .6278    .7228    .6049    .8014    .9847    .5850    .6851    .8502    .8496   1.0684   1.4482   1.0376
  .6100    .7335    .6709    .8501    .9903    .6819   .6838    .7643    .6929    .8667    .9816    .6678    .5038    .6040    .5823    .7535    .8849    .5842    .5833    .8420    .8117    .9819   1.3335    .9970
  .6583    .7677    .7731   1.0658   1.3002    .7089   .7801    .8117    .7713   1.0546   1.2223    .6655    .4061    .6512    .6531    .8974   1.1530    .5931    .7997    .9487    .9603   1.6461   2.1881   1.1762
  .9267    .8791    .6461    .7702    .9091    .5677   .9128    .8633    .6545    .7571    .8897    .5872   1.0222   1.0246    .8019    .9389   1.0244    .6510    .9136    .8688    .7762    .7752    .8630    .5986
  .5782    .7022    .7214   1.1295   1.3554    .7509   .5829    .6935    .7217   1.1057   1.3032    .7169    .5769    .6961    .6405    .9422   1.1502    .6424    .5288    .7631    .9732   1.6940   2.0556   1.0826
  .8084    .9026    .9357   1.4001   1.4187    .9847   .8343    .9407    .9709   1.4283   1.4934   1.0090    .7542    .8128    .7960   1.1490   1.2232    .8079    .8592    .9728   1.1771   1.7646   1.8806   1.2551
     NA       NA    .6243    .4217    .4546    .4538      NA       NA    .6445    .4655    .4950    .4473       NA       NA    .5756    .4025    .3913    .4685       NA       NA    .7201    .4568    .4735    .4221
  .5012    .5317    .5258    .6999    .6516    .4065   .4840    .5270    .5568    .7123    .7041    .4345    .6094    .6103    .4879    .8205    .7378    .4475    .5518    .5092    .5863    .6507    .5181    .3126
  .4244    .5214    .4841    .7475    .9700    .5707   .4213    .5342    .4891    .7573    .9689    .5614    .4498    .5408    .4502    .6996    .8507    .4814    .3350    .4655    .6080    .9373   1.3145    .7690
  .8456    .9746    .9810   1.3332   1.5509    .9052   .8375    .9388    .9637   1.3010   1.4391    .8669    .8385   1.0033    .8673   1.1413   1.2679    .7225    .8949   1.0582   1.2211   1.7031   2.1017   1.2059
  .5997    .7011    .6703   1.1905   1.4462    .9428   .5876    .6658    .6516   1.1831   1.4705    .9712    .5812    .7208    .6479   1.0354   1.1450    .7292    .8128    .9320    .9858   1.8218   2.2445   1.5647
  .7364    .4789    .4222    .5844    .5795    .3430   .7407    .4817    .4299    .6523    .6476    .3837    .6604    .4191    .3767    .4580    .4813    .2892    .8539    .5670    .5238    .7119    .5820    .2840
  .7330    .8126    .7590    .8746   1.1947    .7223   .7518    .8345    .8177    .8668   1.1538    .6895    .7517    .8222    .6322    .8274   1.1517    .6505    .6622    .7347    .7284    .9544   1.4064    .9223
  .9879    .8322    .5187    .6030    .7302    .3922  1.0098    .8778    .5084    .5771    .6305    .3443   1.1437    .8993    .5356    .6344    .8616    .4424    .7679    .6427    .6096    .7709    .8885    .4220
  .7262    .7610    .7482   1.1292   1.0818    .7789   .7257    .7515    .7460   1.0925   1.0530    .7502    .6730    .7108    .6400    .9605    .8980    .6610    .9823   1.0111   1.1400   1.7750   1.7286   1.2990
  .5175    .5196    .4530    .6625    .6624    .5208   .5462    .5457    .4649    .6826    .6487    .5136    .4673    .5824    .4906    .7248    .8244    .6521    .4571    .4621    .4051    .5113    .5464    .4546
  .6990    .7234    .6342    .7804    .8919    .5919   .7166    .7200    .6311    .7575    .8578    .5715    .6929    .7294    .6349    .8240    .8470    .5904    .6525    .7657    .7090    .8922   1.1234    .7649
  .3506    .3236    .3773    .5142    .6093    .4612   .4249    .4316    .5555    .5436    .6367    .4766    .5319    .5347    .4939    .7066    .8724    .6973    .2649    .2530    .2964    .4442    .4835    .4042
     NA       NA       NA       NA    .4113    .3851      NA       NA       NA       NA    .4360    .4063       NA       NA       NA       NA    .8141    .5892       NA       NA       NA       NA    .3438    .3727
     NA       NA       NA       NA       NA    .3516      NA       NA       NA       NA       NA    .4449       NA       NA       NA       NA       NA    .5686       NA       NA       NA       NA       NA    .3387
     NA       NA       NA       NA       NA    .5326      NA       NA       NA       NA       NA    .5360       NA       NA       NA       NA       NA    .8014       NA       NA       NA       NA       NA    .5346
     NA       NA       NA       NA    .5584    .3401      NA       NA       NA       NA    .7467    .4053       NA       NA       NA       NA    .6063    .5331       NA       NA       NA       NA    .3856    .3120

