15.44   9.80  13.00  17.93  31.63  34.48  18.72   9.83  24.55  28.74  40.83  43.09 12.14   9.77   3.30   8.56  23.46  26.92
   NA     NA     NA     NA     NA     NA     NA     NA     NA     NA     NA     NA    NA     NA     NA     NA     NA     NA
   NA     NA     NA   3.36   8.30   5.89     NA     NA     NA   5.64  12.44   9.06    NA     NA     NA   1.20   4.40   2.91
22.82  24.60  26.40  31.77  40.50  68.36  21.33  22.11  21.21  26.88  34.92  83.96 23.96  26.40  30.00  35.29  45.00  55.84
   NA     NA     NA     NA     NA     NA     NA     NA     NA     NA     NA     NA    NA     NA     NA     NA     NA     NA
   NA     NA     NA     NA     NA     NA     NA     NA     NA     NA     NA     NA    NA     NA     NA     NA     NA     NA
   NA     NA     NA  19.50  31.84  40.01     NA     NA     NA  28.82  42.99  47.94    NA     NA     NA  10.80  21.41  32.58
   NA     NA     NA     NA     NA     NA     NA     NA     NA     NA     NA     NA    NA     NA     NA     NA     NA     NA
   NA     NA   3.97   8.50  15.36  24.13     NA     NA   7.84  15.48  24.94  31.41    NA     NA   0.56   2.30   6.91  17.70
   NA     NA     NA     NA     NA     NA     NA     NA     NA     NA     NA     NA    NA     NA     NA     NA     NA     NA
   NA     NA     NA     NA     NA     NA     NA     NA     NA     NA     NA     NA    NA     NA     NA     NA     NA     NA
   NA     NA     NA     NA  24.86  21.40     NA     NA     NA     NA  46.92  27.65    NA     NA     NA     NA   4.60  15.70
   NA     NA     NA   4.70     NA     NA     NA     NA     NA   6.84     NA     NA    NA     NA     NA   2.60     NA     NA
   NA     NA     NA     NA     NA     NA     NA     NA     NA     NA     NA     NA    NA     NA     NA     NA     NA     NA
   NA     NA     NA     NA     NA     NA     NA     NA     NA     NA     NA     NA    NA     NA     NA     NA     NA     NA
   NA     NA     NA   1.30   3.64   5.54     NA     NA     NA   1.93   5.33   7.73    NA     NA     NA   0.70   2.04   3.48
12.10  11.31   5.80   9.76  19.14  28.88  19.30  17.10   6.86  10.24  15.82  30.79  5.30   5.85   4.80   9.29  22.28  27.05
   NA     NA     NA     NA     NA     NA     NA     NA     NA     NA     NA     NA    NA     NA     NA     NA     NA     NA
   NA     NA     NA   5.13   8.00  19.03     NA     NA     NA   4.85   8.00  25.97    NA     NA     NA   5.39   8.00  12.49
   NA     NA     NA     NA     NA     NA     NA     NA     NA     NA     NA     NA    NA     NA     NA     NA     NA     NA
20.40  20.47  20.50  26.11  32.20  55.38  29.79  29.93  29.28  37.74  41.69  72.46 11.00  11.11  11.90  14.79  23.00  38.87
52.05  57.20  60.33  61.10  65.71  66.62  44.86  48.31  47.78  48.84  54.43  54.66 57.99  64.70  70.93  71.50  75.33  76.81
 5.00   6.22   8.71   3.80   8.77  18.91   7.95   9.93  17.41   6.01  12.87  25.17  2.20   2.65   0.20   1.60   4.64  12.55
   NA     NA     NA     NA     NA     NA     NA     NA     NA     NA     NA     NA    NA     NA     NA     NA     NA     NA
30.89  32.10  38.82  42.00  41.80  46.79  43.52  44.12  52.81  55.02  54.70  58.18 19.56  21.30  26.27  30.30  30.44  36.88
   NA     NA   2.18   3.80   6.91   9.22     NA     NA   4.41   6.12  11.36  12.49    NA     NA   0.15   1.70   2.96   6.29
   NA     NA     NA     NA     NA     NA     NA     NA     NA     NA     NA     NA    NA     NA     NA     NA     NA     NA
44.40  48.85  50.90  52.95  52.00  53.42  54.70  59.14  59.77  60.87  56.42  56.14 34.80  39.32  42.60  45.79  48.10  50.78
   NA     NA     NA     NA     NA     NA     NA     NA     NA     NA     NA     NA    NA     NA     NA     NA     NA     NA
15.15  16.82  28.04  31.72  37.90  42.69  21.69  23.59  37.92  42.19  49.74  60.65  9.11  10.57  18.91  22.04  26.90  26.00
17.94  14.69  12.02  10.30  10.32  10.67  30.81  25.24  20.54  17.23  16.78  16.69  6.09   4.98   4.17   3.90   4.33   5.09
   NA     NA     NA     NA     NA     NA     NA     NA     NA     NA     NA     NA    NA     NA     NA     NA     NA     NA
   NA     NA     NA  13.28  20.80  16.63     NA     NA     NA  24.36  31.78  32.29    NA     NA     NA   2.77  10.40   1.81
33.97  28.74  36.86  40.80  38.52  45.66  47.13  40.24  49.36  53.34  49.69  57.60 21.16  17.52  24.64  28.50  27.59  34.00
52.10     NA  56.00     NA     NA     NA     NA     NA     NA     NA     NA     NA 56.60     NA  59.50     NA     NA     NA
 3.30   5.80   8.44  13.70  15.00  16.53   4.60   7.74  11.13  17.05  18.66  20.36  2.10   4.01   5.95  10.60  11.61  12.99
   NA     NA     NA     NA     NA     NA     NA     NA     NA     NA     NA     NA    NA     NA     NA     NA     NA     NA
23.30  27.81  26.70  34.33  40.30  46.60  23.61  28.66  27.02  35.25  40.62  47.65 23.00  27.00  26.40  33.46  40.00  45.60
 9.12   9.97  10.38  12.54  14.46  16.39  17.61  19.04  19.09  21.39  22.60  23.33  0.92   1.21   1.97   3.97   6.57   9.63
20.89  20.90  24.38  34.60  43.78  48.77  25.01  22.41  26.05  34.60  47.21  50.37 17.17  19.50  22.82  34.60  40.65  47.28
13.21  30.89  35.76  34.10  48.10  44.60  12.88  39.87  46.73  45.63  59.57  54.11 13.52  22.68  25.63  23.37  37.40  35.67
 3.17   6.61   9.10  12.77  13.50  22.44   6.38  12.06  15.57  20.09  19.51  27.89  0.17   1.56   3.10   5.98   7.90  17.35
 3.39   7.10   8.67   9.70  17.20  18.90   6.64  11.53  14.61  13.84  24.96  25.15  0.10   2.50   3.23   5.50   9.50  12.70
21.30  22.99  26.50  30.20  39.26  45.92  30.30  33.57  40.29  44.99  54.09  62.04 12.70  12.93  13.40  16.20  25.22  30.65
15.61  21.00  26.54  32.28  38.36  45.44  30.92  39.49  47.02  52.98  56.15  62.81  3.06   5.53   9.08  14.27  22.40  29.68
31.40  28.08  31.90  33.65  37.00  54.45  46.35  40.28  45.71  42.12  37.00  63.41 17.40  16.68  19.00  25.67  37.00  46.14
45.10  51.17  54.60  61.29  66.18  69.99  50.51  59.14  65.50  71.73  75.53  78.23 39.90  43.46  44.00  51.17  57.21  62.10
   NA     NA     NA     NA     NA     NA     NA     NA     NA     NA     NA     NA    NA     NA     NA     NA     NA     NA
81.40  66.56  33.70  43.50  63.50  55.82  80.01  65.16  30.63  46.74  61.39  54.11 82.40  67.58  36.00  40.76  65.20  57.25
47.20  45.19  38.40  30.70  23.70  21.57  49.76  47.12  39.84  31.22  23.81  21.83 44.60  43.28  37.00  30.20  23.60  21.31
64.06  68.70  68.70  66.90  68.00  65.38  62.79  68.50  68.40  66.29  67.75  64.91 65.31  68.90  69.00  67.50  68.24  65.85
78.90     NA  85.30     NA  80.50     NA     NA     NA     NA     NA     NA     NA 80.50     NA  86.50     NA  81.60     NA
53.10  51.25  45.90  54.16  56.66  53.39  55.80  50.21  46.97  55.04  57.16  52.51 50.30  52.33  44.80  53.26  56.14  54.30
33.20  35.55  38.30  47.63  60.70  63.13  37.43  38.08  38.30  52.01  63.34  74.04 29.10  33.10  38.30  43.39  58.30  53.39
   NA     NA     NA     NA     NA     NA     NA     NA     NA     NA     NA     NA    NA     NA     NA     NA     NA     NA
19.67  26.60  32.85  33.84  35.90  39.76  22.10  30.94  38.13  39.81  41.75  46.11 17.19  22.20  27.51  27.79  30.00  33.41
 5.47   9.84  12.50  15.29  15.20  19.75  11.09  13.95  16.24  19.30  18.42  24.09  0.39   6.11   9.10  11.65  12.30  15.86
34.90  35.66  37.90  40.50  45.84  51.30  39.24  38.98  42.49  42.94  47.93  51.50 30.60  32.37  33.39  38.10  43.77  51.10
75.30  77.02  84.36  78.49  79.80  72.82  72.41  74.81  84.74  77.80  80.23  74.14 77.80  78.99  84.01  79.10  79.40  71.60
48.30  50.83  54.70  53.60  49.00  61.19  52.91  55.84  52.78  48.85  35.79  49.89 43.90  46.05  56.53  58.12  61.55  71.89
43.21  45.50  40.77  43.14  44.95  61.76  44.65  44.43  39.71  41.49  43.45  63.45 41.87  46.50  41.78  44.71  46.36  60.15
54.10  54.97  53.50  53.32  50.70  49.20  53.91  55.56  52.84  54.14  51.56  50.69 54.30  54.34  54.21  52.46  49.80  47.64
70.00     NA     NA     NA  74.50     NA     NA     NA     NA     NA     NA     NA 71.70     NA     NA     NA  75.80     NA
85.90     NA     NA     NA  88.00     NA     NA     NA     NA     NA     NA     NA 87.20     NA     NA     NA  88.60     NA
72.80  74.45  74.60  72.12  72.00  68.01  75.16  76.54  77.03  71.73  71.69  66.54 70.50  72.43  72.30  72.50  72.30  69.43
37.40  32.07  25.85  18.12   6.30   6.45  39.32  33.65  25.60  18.29   6.64   6.32 35.60  30.61  26.08  17.97   6.00   6.56
73.40  72.69  72.40  70.46  66.40  65.04  72.63  72.02  71.49  70.38  65.46  66.76 74.20  73.37  73.30  70.54  67.30  63.42
22.29  19.66  24.26  28.50  32.48  34.93  31.86  31.08  36.14  36.81  40.52  33.84 13.17   8.89  13.05  20.70  24.98  35.94
38.24  42.16  46.10  57.30  55.30  56.65  41.58  45.09  49.15  59.84  57.23  59.20 34.95  39.28  43.10  54.80  53.40  54.15
55.40  58.12  61.00  60.00  56.60  61.21  55.83  59.74  64.59  62.23  56.27  61.97 55.00  56.62  57.70  57.95  56.90  60.50
44.08  60.40  62.58  55.90  60.31  56.49  44.19  60.51  62.73  55.79  60.63  51.64 43.98  60.30  62.43  56.00  60.02  61.03
53.70  53.95  51.19  53.70  51.10  50.29  57.98  58.14  49.85  57.67  54.35  50.37 49.60  49.89  52.50  49.80  47.90  50.21
76.10  76.78  77.60  73.82  72.90  65.53  78.78  78.86  79.57  74.22  72.80  62.71 73.50  74.77  75.70  73.43  73.00  68.18
65.40  67.90  68.00  68.82  66.40  66.83  70.46  72.68  71.76  71.71  68.03  69.22 60.70  63.45  64.50  66.09  64.80  64.45
44.90  47.24  47.10  47.16  44.50  47.59  55.49  57.30  55.69  54.77  49.15  52.83 34.40  37.28  38.60  39.62  39.90  42.42
   NA     NA     NA     NA     NA     NA     NA     NA     NA     NA     NA     NA    NA     NA     NA     NA     NA     NA
69.50  70.20  67.06  66.30  63.36  54.29  70.07  69.48  64.17  66.51  64.28  55.29 68.94  70.90  69.82  66.10  62.50  53.38
44.10  43.14  39.20  44.47  47.20  47.89  48.68  46.15  40.80  45.96  48.20  50.08 39.40  40.09  37.60  42.98  46.20  45.71
 3.27   3.13   3.44   4.40   7.10  10.64   6.34   5.98   6.48   8.19  12.32  19.58  0.10   0.15   0.24   0.40   1.60   1.18
 8.20   9.00   9.70   7.93  31.71  30.44  11.06  12.38  12.50   6.15  32.35  31.94  4.32   5.40   6.00  10.31  30.48  27.42
 6.39  12.04   7.95  10.00  16.70  17.60  10.07  18.01  10.89  14.11  21.46  20.92  1.87   4.92   4.57   5.40  11.50  14.04
12.65  12.39  17.89  12.40  19.85  27.70  11.98  11.78  25.13  11.88  19.43  26.65 13.29  12.99  10.89  12.90  20.25  28.70
   NA     NA     NA     NA     NA     NA     NA     NA     NA     NA     NA     NA    NA     NA     NA     NA     NA     NA
45.10  40.00  41.40  42.30  39.80  35.60  57.70  51.47  50.76  49.50  44.37  37.80 32.50  29.00  32.30  34.80  34.80  33.30
22.10  22.65  22.70  20.10  11.30  12.18  33.87  34.22  33.08  28.84  15.17   9.54  9.40  10.28  11.70  10.86   7.20  14.97
22.60  28.90  39.10  43.27  48.40  55.01  33.58  39.68  51.32  54.79  57.75  43.16 11.70  18.34  27.30  32.25  39.50  66.28
 3.55   7.20  12.85  16.70  17.43  23.01   3.89  10.60  18.25  19.87  20.21  24.87  3.21   3.80   7.43  13.68  14.62  21.12
 0.60   2.50  11.31  16.73  23.69  25.84   0.99   3.97  17.03  23.61  33.51  36.48  0.20   1.00   5.50   9.77  13.73  15.02
43.10  41.81  37.00  35.94  30.60  33.17  45.31  44.28  38.34  37.20  31.02  33.02 40.90  39.39  35.70  34.74  30.20  33.32
59.90  57.78  60.60  53.81  45.04  41.31  57.70  55.47  57.88  51.38  42.97  39.35 61.90  59.89  63.10  56.07  46.96  43.13
13.00  14.72   5.43  19.89  14.50  26.29  20.54  22.15   0.54  21.57  18.77  27.72  5.10   7.03  10.48  18.14  10.10  24.83
29.60  35.20  48.60  39.20  34.50  27.60  34.57  36.08  44.18  35.12  29.39  22.87 25.20  34.40  52.75  43.10  39.40  32.10
45.50  44.59  30.90  16.80   7.60   7.20  48.60  50.20  38.99  16.07   8.28   7.37 38.10  32.35  16.60  17.90   6.40   6.90
32.70  38.61  44.60  47.61  44.40  52.10  49.60  51.76  48.68  51.40  50.56  64.22 14.60  24.85  40.40  43.73  38.20  40.19
 0.30   0.16   0.10   6.79   6.67  10.94   0.30   0.29   0.20  11.42   7.35  13.59  0.30   0.03   0.00   2.20   5.96   8.24
   NA     NA     NA     NA     NA     NA     NA     NA     NA     NA     NA     NA    NA     NA     NA     NA     NA     NA
11.70  11.05   8.00   9.47   8.70  12.19  11.70  13.61  12.41  14.46  12.33  15.74 11.70   8.21   3.20   4.09   4.70   8.29
49.70  52.55  56.40  57.60  54.10  51.88  50.55  52.62  55.59  56.19  53.09  50.99 48.90  52.49  57.20  59.00  55.10  52.74
   NA     NA     NA     NA     NA     NA     NA     NA     NA     NA     NA     NA    NA     NA     NA     NA     NA     NA
13.21  23.21  29.60  34.33  38.30  39.12  19.80  32.14  39.36  42.45  45.29  43.75  5.34  13.42  19.40  25.96  31.20  34.42
46.50  46.82  39.90  44.02  48.90  46.65  54.20  53.88  44.86  48.35  52.32  49.27 37.20  38.65  34.10  39.11  45.30  44.02
21.30  23.87  25.90  27.92  30.47  32.12  35.44  38.89  41.45  42.46  43.88  38.71  6.60   8.69  10.20  13.32  16.96  25.48
38.83  38.60  40.55  44.70  44.40  37.27  55.19  45.65  43.36  47.69  45.28  32.50 20.59  30.60  37.16  41.20  43.40  42.51
46.40  52.04  60.50  63.86  69.70  71.50  54.82  59.48  67.69  67.59  72.50  72.83 38.10  44.80  53.60  60.31  67.00  70.22
   NA     NA     NA  35.00     NA     NA     NA     NA     NA  37.46     NA     NA    NA     NA     NA  26.80     NA     NA
   NA     NA     NA   0.50   1.90  16.35     NA     NA     NA   0.89   4.11  40.52    NA     NA     NA   0.20   0.34   0.48
91.10  87.08  60.02  58.69  58.62  54.70  87.53  83.14  44.37  44.59  46.40  43.71 93.90  90.22  72.67  70.25  68.69  63.88
66.90  63.83  61.60  55.28  50.94  46.72  63.46  60.08  59.40  52.95  48.40  44.05 70.09  67.27  63.60  57.40  53.24  49.15
56.80  56.98  56.33  54.90  53.50  49.02  66.24  62.36  58.12  50.54  51.63  47.23 48.10  52.08  54.69  59.00  55.29  50.70
64.02  61.05  57.25  51.97  48.34  44.90  67.59  61.01  55.02  46.02  41.41  38.26 60.65  61.08  59.35  57.58  54.84  51.10
88.30  80.87  68.67  61.13  50.00  55.60  90.55  82.97  70.38  62.61  48.63  52.90 86.40  79.08  67.20  59.84  51.20  58.00
88.40  85.70  83.90  78.50  68.55  62.45  86.84  84.34  83.34  77.98  64.44  58.84 89.78  86.90  84.40  78.98  72.27  65.71
86.05  80.84  77.10  78.30  75.40  71.40  82.54  76.46  72.44  75.94  72.81  68.84 88.87  84.46  81.00  80.30  77.60  73.60
70.00  70.08  69.90  66.45  61.20  58.74  78.21  76.72  75.50  70.20  62.41  57.73 62.60  64.20  64.90  63.08  60.10  59.65
86.40  85.60  81.70  58.57  11.20  13.65  83.89  82.74  78.86  31.82  10.18  10.40 88.60  88.10  84.20  82.17  12.10  16.51
86.50  81.88  75.87  68.54  60.61  53.72  86.30  80.41  73.44  64.73  56.43  48.69 86.70  83.34  78.22  72.15  64.58  58.67
63.70  64.80  64.44  62.49  49.61  44.64  67.95  68.17  66.72  63.57  51.68  47.14 59.55  61.50  62.20  61.45  47.58  42.22
71.40  72.02  72.60  70.28  60.96  58.97  70.74  70.71  70.17  67.35  56.47  54.31 72.00  73.22  74.80  72.92  64.98  63.14
   NA     NA     NA     NA     NA     NA     NA     NA     NA     NA     NA     NA    NA     NA     NA     NA     NA     NA
51.22  58.20  60.84  63.03  61.04  56.04  47.36  53.41  55.53  58.25  58.39  52.54 54.44  62.10  65.22  67.16  63.41  59.25
87.60  83.08  47.00  45.78  42.98  38.89  85.07  79.99  41.24  39.88  36.83  32.89 90.00  86.03  52.50  51.42  48.80  44.55
83.03  79.92  68.90   1.49   0.00   1.59  79.99  77.37  63.62   1.71   0.00   2.57 85.94  82.36  73.90   1.28   0.00   0.67
71.70  70.59  68.70  64.39  57.60  53.09  69.71  68.37  65.13  61.48  52.29  48.48 73.40  72.51  71.80  66.94  62.30  57.21
50.40  44.54  30.00  39.97  58.50  61.10  57.31  51.51  37.27  45.82  62.53  63.77 44.50  38.71  24.10  35.29  55.10  58.78
70.80  72.09  77.60  63.54  58.97  70.20  72.05  73.20  79.73  63.81  59.05  68.44 69.70  71.11  75.70  63.31  58.90  71.80
59.00  57.55  55.60  53.03  39.85  37.52  57.69  54.77  52.71  54.28  37.07  35.15 60.26  60.23  58.40  51.84  42.49  39.75
68.60  67.46  70.18  69.25  31.70  29.93  64.88  61.55  68.21  68.55  27.04  24.65 72.00  72.76  71.97  69.88  35.90  34.73
35.60  35.20  29.81  31.90  35.30  45.18  49.70  50.83  41.74  42.44  46.23  51.12 21.80  19.70  17.63  21.00  24.50  38.90
73.70  70.49  66.50  55.47  51.57  47.68  76.09  72.27  67.79  54.02  49.10  45.21 71.60  68.91  65.36  56.76  53.79  49.90
68.30  63.79  56.90  54.81  53.90  51.55  73.18  67.32  58.57  54.00  51.50  48.76 64.00  60.63  55.40  55.54  56.10  54.13
36.18  37.10  29.30  30.61  28.88  26.63  34.23  34.46  28.49  29.65  35.38  32.19 38.13  39.70  30.10  31.55  22.61  21.29
65.31  35.80  65.65  66.30  61.49  59.80  70.59  35.99  70.89  70.03  62.52  59.70 59.15  35.60  60.18  62.50  60.46  59.90
37.38  39.90  38.25  22.13  11.90  12.90  36.84  39.49  34.86  19.00   9.85  11.15 37.91  40.30  41.51  25.13  13.85  14.56
26.70  24.80  12.00  15.01  13.20  25.37  36.70  26.67  14.06  16.44  15.45  30.15 15.39  22.70   9.70  13.39  10.80  20.27
   NA     NA     NA  39.50     NA     NA     NA     NA     NA     NA     NA     NA    NA     NA     NA  32.60     NA     NA
   NA     NA     NA     NA     NA     NA     NA     NA     NA     NA     NA     NA    NA     NA     NA     NA     NA     NA
   NA     NA     NA     NA  40.80     NA     NA     NA     NA     NA     NA     NA    NA     NA     NA     NA  39.50     NA
   NA  69.30  59.10     NA  56.30     NA     NA     NA     NA     NA     NA     NA    NA  74.20  62.40     NA  56.00     NA

