 4.44   3.16   4.36   6.10  10.83  11.83   5.38   3.17   8.23   9.78  13.97  14.77   3.50   3.15   1.11   2.92   8.05   9.26
   NA     NA     NA     NA     NA     NA     NA     NA     NA     NA     NA     NA     NA     NA     NA     NA     NA     NA
   NA     NA     NA   0.78   1.93   1.37     NA     NA     NA   1.35   3.03   2.20     NA     NA     NA   0.24   0.89   0.59
 5.75   5.05   2.10   9.06   9.40  14.71  10.82   9.50   2.96  14.85  10.27  27.58   1.87   1.84   1.50   4.89   8.70   4.37
   NA     NA     NA     NA     NA     NA     NA     NA     NA     NA     NA     NA     NA     NA     NA     NA     NA     NA
   NA     NA     NA     NA     NA     NA     NA     NA     NA     NA     NA     NA     NA     NA     NA     NA     NA     NA
   NA     NA     NA   4.53   7.40   9.30     NA     NA     NA   7.06  10.70  12.21     NA     NA     NA   2.18   4.32   6.58
   NA     NA     NA     NA     NA     NA     NA     NA     NA     NA     NA     NA     NA     NA     NA     NA     NA     NA
   NA     NA   0.92   1.98   3.57   5.61     NA     NA   1.84   3.68   6.04   7.92     NA     NA   0.11   0.46   1.40   3.57
   NA     NA     NA     NA     NA     NA     NA     NA     NA     NA     NA     NA     NA     NA     NA     NA     NA     NA
   NA     NA     NA     NA     NA     NA     NA     NA     NA     NA     NA     NA     NA     NA     NA     NA     NA     NA
   NA     NA     NA     NA   6.76   5.82     NA     NA     NA     NA  13.11   8.73     NA     NA     NA     NA   0.93   3.17
   NA     NA     NA   1.57     NA     NA     NA     NA     NA   2.39     NA     NA     NA     NA     NA   0.78     NA     NA
   NA     NA     NA     NA     NA     NA     NA     NA     NA     NA     NA     NA     NA     NA     NA     NA     NA     NA
   NA     NA     NA     NA     NA     NA     NA     NA     NA     NA     NA     NA     NA     NA     NA     NA     NA     NA
   NA     NA     NA   0.50   1.00   1.28     NA     NA     NA   0.81   1.80   2.47     NA     NA     NA   0.20   0.23   0.16
 2.81   2.63   1.35   2.27   4.45   6.71   4.66   4.17   1.75   2.68   4.40   8.03   1.07   1.18   0.97   1.88   4.50   5.46
   NA     NA     NA     NA     NA     NA     NA     NA     NA     NA     NA     NA     NA     NA     NA     NA     NA     NA
   NA     NA     NA   1.02   0.50   2.85     NA     NA     NA   1.67   0.50   5.52     NA     NA     NA   0.40   0.50   0.33
   NA     NA     NA     NA     NA     NA     NA     NA     NA     NA     NA     NA     NA     NA     NA     NA     NA     NA
 4.74   4.76   4.77   6.07   7.49  12.88   8.14   7.62   6.06  10.51  14.06  25.35   1.34   1.92   3.50   1.75   1.12   0.81
14.18  14.95  13.94   9.10  12.03  13.07  25.09  25.40  21.28   7.80  20.98  26.19   5.14   6.13   7.73  10.20   4.38   1.90
 2.90   1.99   2.83   1.20   2.17   4.18   4.48   3.60   5.68   1.90   3.75   7.66   1.40   0.44   0.04   0.50   0.58   0.65
   NA     NA     NA     NA     NA     NA     NA     NA     NA     NA     NA     NA     NA     NA     NA     NA     NA     NA
 8.36   8.23   8.44   4.70   7.05   8.92  15.89  15.52  15.77   8.15  14.28  18.72   1.60   1.67   1.86   1.60   0.69   0.39
   NA     NA   0.55   0.80   1.43   1.89     NA     NA   1.14   1.24   2.72   3.73     NA     NA   0.02   0.40   0.28   0.25
   NA     NA     NA     NA     NA     NA     NA     NA     NA     NA     NA     NA     NA     NA     NA     NA     NA     NA
10.30  16.64  18.30  14.00  11.84  11.40  12.55  26.50  24.71  23.61  22.64  22.07   8.20   7.52  12.30   5.32   2.29   1.04
   NA     NA     NA     NA     NA     NA     NA     NA     NA     NA     NA     NA     NA     NA     NA     NA     NA     NA
 4.16   4.50   6.96   6.20   2.00   6.23   7.86   8.45  12.94  11.38   3.08  12.47   0.75   0.85   1.43   1.42   1.00   0.43
 4.17   3.42   2.80   2.39   2.40   2.48   7.37   6.03   4.91   4.14   4.04   4.05   1.23   1.01   0.84   0.79   0.87   1.03
   NA     NA     NA     NA     NA     NA     NA     NA     NA     NA     NA     NA     NA     NA     NA     NA     NA     NA
   NA     NA     NA   3.28   4.00   3.32     NA     NA     NA   6.42   6.64   6.72     NA     NA     NA   0.30   1.50   0.11
 7.90   6.68   8.57   9.49   8.96  10.62  11.62   9.90  12.25  13.29  12.41  14.46   4.27   3.54   4.98   5.75   5.57   6.86
29.50     NA  21.50     NA     NA     NA     NA     NA     NA     NA     NA     NA  33.00     NA  22.70     NA     NA     NA
 2.90   2.70   2.58   3.33   3.29   3.48   3.99   4.05   4.43   6.26   6.53   7.08   1.90   1.45   0.86   0.63   0.29   0.15
   NA     NA     NA     NA     NA     NA     NA     NA     NA     NA     NA     NA     NA     NA     NA     NA     NA     NA
14.20   7.84   5.30   6.94   8.21   9.51  13.47  10.95   4.98  11.29  15.39  18.79  14.90   4.88   5.60   2.87   1.43   0.72
 1.98   2.09   2.14   2.57   2.96   3.35   3.91   4.18   4.31   5.19   5.97   6.76   0.12   0.07   0.05   0.04   0.04   0.04
 5.63   5.30   7.38   9.20   9.99  10.42   9.16   6.38  11.14  10.15  16.62  19.65   2.44   4.30   3.85   8.30   3.93   1.89
 3.66   8.47   9.50   8.28   8.70   8.71   4.70  12.72  14.18  12.11   9.93  10.32   2.73   4.58   5.18   4.72   7.55   7.20
 0.92   2.05   3.30   3.39   3.08   4.79   1.88   3.95   5.78   6.21   5.93   9.50   0.02   0.29   1.00   0.77   0.42   0.39
 1.13   2.38   2.90   3.25   5.76   6.33   2.16   3.95   5.02   4.83   8.70   8.89   0.10   0.75   0.96   1.64   2.83   3.79
 5.80   5.52   3.00   5.11   7.49   9.15   8.94  10.05   5.21  10.03  15.07  18.59   2.80   1.20   0.90   0.46   0.32   0.20
 2.60   3.99   5.28   6.53   7.81   9.28   4.41   7.78  10.83  13.62  16.23  19.30   1.13   0.82   0.55   0.36   0.26   0.19
 4.40   7.71   6.50   6.87   7.56  11.13   8.03  14.09  11.10  12.87  14.73  22.65   1.00   1.75   2.20   1.22   0.76   0.45
10.00  13.43   9.30  11.72  13.20  14.17  13.43  22.80  14.75  21.84  25.96  28.46   6.70   4.36   4.00   1.93   0.95   0.51
   NA     NA     NA     NA     NA     NA     NA     NA     NA     NA     NA     NA     NA     NA     NA     NA     NA     NA
34.50  19.97   8.50  10.17  14.39  12.49  45.87  24.52   9.35  12.22  15.87  13.69  26.30  16.69   7.86   8.43  13.20  11.49
27.15  25.33  20.00  12.20   9.50   9.41  28.90  26.59  20.51  12.41   9.61   9.65  25.38  24.08  19.50  12.00   9.40   9.19
18.46  19.60  12.10  17.80  16.26  14.95  17.06  19.50  12.10  17.90  17.21  16.13  19.84  19.70  12.10  17.70  15.31  13.78
25.50     NA  20.23     NA  18.06     NA     NA     NA     NA     NA     NA     NA  28.30     NA  19.32     NA  16.58     NA
13.80  10.75   4.30   9.34  11.50  11.46  14.86  10.10   4.69  10.40  12.75  12.44  12.70  11.42   3.90   8.25  10.20  10.45
 5.10   6.96   8.11  10.39  13.39  13.98   5.93   8.02   8.92  12.33  15.41  17.75   4.30   5.92   7.33   8.51  11.55  10.62
   NA     NA     NA     NA     NA     NA     NA     NA     NA     NA     NA     NA     NA     NA     NA     NA     NA     NA
 5.30   6.40   7.53   7.61   8.01   8.85   5.45   6.70   8.74   9.32   9.88  10.97   5.15   6.10   6.31   5.87   6.12   6.73
 1.56   2.98   4.00   3.97   3.60   4.50   3.14   4.01   4.88   5.02   4.54   5.82   0.12   2.04   3.20   3.03   2.75   3.31
 6.90   9.15   8.76   6.00   8.87  10.83   7.00   9.55   9.30   6.00   9.75  11.80   6.80   8.76   8.24   6.00   8.00   9.85
20.83  21.30  23.33  21.71  22.07  20.14  22.95  23.59  26.46  24.45  24.99  23.00  18.99  19.28  20.51  19.31  19.38  17.48
10.40  14.51  15.30  16.99  17.30  16.69  10.71  19.52  19.24  22.55  22.54  19.14  10.10   9.74  11.55  11.70  12.32  14.36
11.09   9.50  21.47   9.50   9.95  13.70  10.65   8.75  34.92   9.96  10.63  15.45  11.50  10.20   8.66   9.06   9.30  12.03
24.40  15.87  16.40  19.27  23.40  15.48  23.75  14.54  14.85  18.37  23.50  16.34  25.10  17.31  18.06  20.21  23.30  14.58
24.90     NA     NA     NA  16.77     NA     NA     NA     NA     NA     NA     NA  26.80     NA     NA     NA  15.44     NA
21.40     NA     NA     NA  19.60     NA     NA     NA     NA     NA     NA     NA  21.80     NA     NA     NA  17.78     NA
18.46  19.69  21.93  26.99  42.60  24.81  18.64  19.52  21.49  25.52  42.80  25.13  18.27  19.85  22.35  28.40  42.40  24.51
17.50  21.20  20.00  12.00   3.70   3.28  17.71  21.96  17.44  11.71   3.70   3.14  17.30  20.51  22.30  12.26   3.70   3.40
19.89  22.67  30.60  26.72  33.00  21.35  18.97  21.49  29.69  23.70  30.70  21.95  20.84  23.86  31.50  29.65  35.20  20.79
 4.94   4.36   5.39   6.33   7.21   7.76   7.25   7.08   8.32   8.66   9.60   8.39   2.74   1.80   2.62   4.14   4.99   7.17
11.49  14.53  19.40   4.30   4.90   9.66  11.48  14.37  19.81   4.60   5.20  10.98  11.51  14.69  19.00   4.00   4.60   8.37
22.20  18.90  22.40  16.69  13.80  14.11  21.98  22.09  32.20  21.47  16.14  16.18  22.40  15.96  13.40  12.31  11.64  12.19
11.07  11.90  13.29  12.21  13.31  12.52  10.31  11.25  13.98  13.24  14.70  12.87  11.77  12.50  12.65  11.24  12.00  12.18
13.60  15.99  17.22  23.93  34.10  19.82  14.02  15.93  15.36  24.79  37.14  20.67  13.20  16.06  19.04  23.08  31.10  18.98
38.90  25.63  20.58  17.63  16.66  14.72  39.93  27.01  22.36  19.19  18.26  15.69  37.90  24.29  18.87  16.10  15.13  13.81
16.81  15.79  10.30  18.21  15.40  15.10  17.28  15.78   9.98  17.97  15.50  16.40  16.38  15.80  10.60  18.43  15.30  13.79
11.21  12.01  12.53  14.08  17.20  13.59  13.75  14.38  14.53  15.98  18.92  15.57   8.70   9.65  10.56  12.19  15.50  11.64
   NA     NA     NA     NA     NA     NA     NA     NA     NA     NA     NA     NA     NA     NA     NA     NA     NA     NA
19.97  25.00  23.95  29.60  19.56  13.87  18.81  22.63  20.12  27.91  19.93  14.91  21.12  27.30  27.60  31.20  19.22  12.94
15.70  11.81   9.49  10.22  10.62  10.69  17.84  13.33  10.63  11.48  11.87  12.21  13.50  10.27   8.35   8.96   9.38   9.18
 1.10   1.13   1.45   2.60   0.30   2.61   2.14   2.16   2.75   4.87   0.49   4.81   0.03   0.05   0.09   0.20   0.10   0.27
 4.50   6.10   4.20   3.00  11.32  10.62   6.06   8.54   5.56   2.42  11.61  11.16   2.37   3.50   2.40   3.78  10.76   9.54
 1.75   3.29   2.18   2.74   4.57   4.82   2.85   5.19   3.23   4.16   6.53   6.54   0.39   1.04   0.96   1.14   2.43   2.96
 3.46   3.39   4.90   3.39   5.43   7.58   4.14   4.06   7.58   4.09   6.62   9.17   2.80   2.74   2.30   2.72   4.27   6.05
   NA     NA     NA     NA     NA     NA     NA     NA     NA     NA     NA     NA     NA     NA     NA     NA     NA     NA
21.20  20.40  21.60  21.01  23.10  19.13  29.30  27.91  28.08  25.35  26.39  20.29  13.10  13.20  15.30  16.49  19.50  17.92
 6.30   7.67   8.16   7.39   4.19   4.53   9.64  11.77  12.19  10.90   5.83   3.98   2.70   3.29   3.89   3.67   2.45   5.10
 7.60  12.51  17.00  17.25  16.80  24.60  11.73  17.90  23.22  22.92  20.90  19.44   3.50   7.24  11.00  11.83  12.90  29.52
 2.09   4.30   5.68   6.37   6.24   8.04   2.18   6.30   8.01   7.53   7.21   8.66   1.99   2.30   3.33   5.27   5.27   7.41
 0.20   0.84   3.79   5.60   7.93   8.65   0.34   1.37   5.90   8.26  11.71  12.75   0.06   0.30   1.64   2.92   4.10   4.48
14.43  14.00  12.39  12.03  10.24  11.11  16.67  16.28  14.18  13.78  11.55  12.35  12.20  11.75  10.65  10.37   9.01   9.94
28.97  27.07  28.04  24.78  20.70  18.97  28.05  26.26  27.13  23.99  20.04  18.35  29.81  27.81  28.87  25.50  21.31  19.55
 7.20   6.25   2.04   7.08   5.05   9.08  11.02   9.20   0.06   7.56   6.51   9.54   3.20   3.21   4.07   6.57   3.55   8.62
26.20  33.50  33.09  22.59  18.48  14.36  30.72  34.38  29.39  19.58  15.16  11.42  22.20  32.70  36.55  25.46  21.68  17.15
 5.00  18.49   6.30   4.87   2.45   2.42   5.25  20.55   7.43   4.40   2.64   2.46   4.40  14.02   4.30   5.56   2.12   2.34
11.23  12.88  13.70  22.22  23.00  26.74  18.11  18.75  15.74  29.44  35.32  36.54   3.86   6.74  11.60  14.81  10.60  17.12
 0.08   0.04   0.03   1.86   1.82   2.99   0.10   0.08   0.05   3.26   2.37   4.23   0.06   0.01   0.00   0.46   1.26   1.74
   NA     NA     NA     NA     NA     NA     NA     NA     NA     NA     NA     NA     NA     NA     NA     NA     NA     NA
 1.20   5.75   5.70   4.77   3.68   4.78   1.20   7.39   9.01   7.43   5.36   6.41   1.20   3.94   2.10   1.90   1.84   2.99
17.42  18.55  20.27  21.70  22.80  24.69  21.94  22.46  22.71  20.79  21.89  23.70  13.16  14.80  17.85  22.60  23.70  25.66
   NA     NA     NA     NA     NA     NA     NA     NA     NA     NA     NA     NA     NA     NA     NA     NA     NA     NA
 5.29   9.29  11.85  13.74  15.33  15.66   8.24  13.73  17.07  18.78  20.31  19.92   1.76   4.42   6.39   8.55  10.27  11.33
 6.90  13.39  13.53  15.83  17.97  17.29   8.39  16.26  16.08  18.46  20.58  19.63   5.10  10.06  10.54  12.85  15.23  14.93
 3.00   6.33   8.12   9.27  10.33  10.98   4.64  10.14  12.91  14.05  14.86  13.21   1.30   2.49   3.28   4.47   5.78   8.74
13.92  14.46  16.95  23.96  38.00  24.00  21.26  18.99  19.75  26.51  39.06  20.60   5.74   9.32  13.58  20.98  36.80  27.73
33.90  20.18  21.47  17.37   2.40  23.35  40.19  25.40  26.82  20.27   3.23  23.87  27.70  15.10  16.33  14.60   1.60  22.84
   NA     NA     NA   7.90     NA     NA     NA     NA     NA   8.14     NA     NA     NA     NA     NA   7.10     NA     NA
   NA     NA     NA   0.17   0.64   5.47     NA     NA     NA   0.31   1.39  13.59     NA     NA     NA   0.06   0.10   0.14
50.32  48.10  33.15  32.42  32.38  30.22  51.00  48.43  26.49  26.52  27.47  25.84  49.80  47.84  38.54  37.26  36.42  33.87
36.96  35.26  34.03  30.54  28.14  25.81  36.73  34.81  34.36  30.65  28.03  25.53  37.17  35.67  33.73  30.44  28.23  26.06
33.80  25.12  21.47  19.66  18.68  16.95  44.00  29.31  22.82  18.33  18.08  16.33  24.40  21.30  20.23  20.92  19.26  17.54
35.21  33.58  31.49  28.58  26.59  24.70  35.89  32.26  29.01  24.09  21.60  19.95  34.57  34.81  33.83  32.82  31.26  29.13
48.78  44.67  37.93  33.77  27.62  30.71  52.28  47.88  40.61  36.10  28.15  30.66  45.82  41.94  35.64  31.73  27.15  30.76
30.90  46.53  39.70  36.46  29.20  28.72  32.71  47.47  41.15  37.15  26.66  27.54  29.30  45.70  38.40  35.84  31.50  29.78
47.53  44.65  42.59  43.25  41.65  39.44  48.04  44.49  42.15  44.04  42.24  39.92  47.13  44.79  42.95  42.58  41.15  39.03
36.90  48.18  45.10  48.00  44.30  32.97  45.89  53.72  52.15  50.58  47.16  33.24  28.80  43.27  38.80  45.68  41.70  32.73
47.70  52.76  64.60  28.86   3.20   4.58  50.54  53.37  62.67  18.55   2.97   4.43  45.22  52.23  66.30  37.95   3.40   4.72
47.78  45.23  41.91  37.86  33.48  29.68  49.55  46.26  42.37  37.44  32.67  28.21  45.98  44.20  41.48  38.26  34.25  31.11
35.19  35.80  35.60  34.52  27.40  24.66  38.88  39.04  38.26  36.53  29.62  27.00  31.58  32.61  32.98  32.59  25.23  22.39
42.56  44.43  48.90  38.08  29.93  27.80  42.76  44.79  50.45  37.84  28.40  26.09  42.37  44.10  47.50  38.30  31.30  29.32
   NA     NA     NA     NA     NA     NA     NA     NA     NA     NA     NA     NA     NA     NA     NA     NA     NA     NA
19.06  11.70  17.55  20.32  20.47  19.08  19.34  12.93  17.01  19.18  19.72  17.92  18.83  10.70  18.00  21.31  21.15  20.15
48.39  45.89  25.96  25.29  23.74  21.48  49.09  46.18  24.00  23.22  21.49  19.21  47.73  45.62  27.84  27.27  25.88  23.62
45.87  44.15  38.06   0.82   0.00   0.88  46.17  44.65  36.87   0.97   0.00   1.43  45.58  43.68  39.19   0.68   0.00   0.36
38.01  39.30  43.20  44.63  44.90  27.94  41.37  41.28  42.39  44.83  41.96  28.69  35.14  37.58  43.90  44.45  47.50  27.28
21.60  19.92  13.63  18.28  26.81  28.03  27.34  24.20  17.34  21.35  29.13  29.69  16.70  16.34  10.62  15.82  24.86  26.59
43.74  48.73  64.70  46.42  43.34  29.90  44.00  48.63  66.49  51.89  52.05  30.01  43.51  48.82  63.10  41.53  35.44  29.80
30.84  24.07   7.50  17.70  16.36  16.52  31.53  24.33   6.36  18.23  15.48  15.75  30.17  23.82   8.60  17.20  17.21  17.25
37.89  37.26  38.77  38.25  29.60  16.53  37.58  35.79  39.42  39.56  24.61  14.46  38.18  38.59  38.17  37.06  34.10  18.42
21.70  23.60  16.12  15.65  16.63  20.95  29.87  32.88  22.18  20.69  21.80  23.84  13.70  14.40   9.93  10.43  11.53  17.89
67.10  44.65  35.01  26.90  24.19  22.07  69.72  45.85  35.84  26.44  23.32  21.22  64.80  43.58  34.26  27.32  24.98  22.83
 7.30  31.60  18.50  19.23  19.44  18.79   7.53  36.26  17.72  21.33  22.42  21.98   7.10  27.44  19.20  17.31  16.71  15.83
19.97  20.48  16.17  16.90  15.94  14.70  19.72  19.90  16.39  17.07  20.04  18.25  20.22  21.05  15.96  16.73  11.99  11.29
18.83   6.60  24.83  20.50  25.70  23.90  23.65   6.97  29.55  23.84  27.27  22.91  13.21   6.20  19.90  17.10  24.11  24.90
20.65  22.04  21.13  12.23   6.57   7.13  21.20  22.73  20.21  11.08   5.77   6.50  20.10  21.37  22.01  13.32   7.34   7.72
 8.11   5.60   4.80   6.17   5.00  11.66  12.18   6.85   6.15   7.26   6.32  14.07   3.51   4.20   3.29   4.94   3.60   9.08
   NA     NA     NA  15.81     NA     NA     NA     NA     NA     NA     NA     NA     NA     NA     NA  10.73     NA     NA
   NA     NA     NA     NA     NA     NA     NA     NA     NA     NA     NA     NA     NA     NA     NA     NA     NA     NA
   NA     NA     NA     NA   6.50     NA     NA     NA     NA     NA     NA     NA     NA     NA     NA     NA   5.80     NA
   NA  38.00  31.03     NA  28.86     NA     NA     NA     NA     NA     NA     NA     NA  40.10  33.09     NA  29.38     NA

