 0.736   0.515   0.671   0.921   1.571   1.880   0.904   0.546   1.255   1.479   2.110   2.463   0.566   0.484   0.180   0.439   1.092   1.369
    NA      NA      NA      NA      NA      NA      NA      NA      NA      NA      NA      NA      NA      NA      NA      NA      NA      NA
    NA      NA      NA   0.278   0.533   0.520      NA      NA      NA   0.443   0.798   0.785      NA      NA      NA   0.122   0.283   0.270
 1.174   1.220   1.207   1.679   2.089   3.414   1.372   1.366   1.147   1.805   2.046   4.467   1.023   1.114   1.250   1.588   2.125   2.568
    NA      NA      NA      NA      NA      NA      NA      NA      NA      NA      NA      NA      NA      NA      NA      NA      NA      NA
    NA      NA      NA      NA      NA      NA      NA      NA      NA      NA      NA      NA      NA      NA      NA      NA      NA      NA
    NA      NA      NA   1.003   1.485   1.874      NA      NA      NA   1.551   2.099   2.407      NA      NA      NA   0.491   0.910   1.374
    NA      NA      NA      NA      NA      NA      NA      NA      NA      NA      NA      NA      NA      NA      NA      NA      NA      NA
    NA      NA   0.245   0.416   0.696   1.085      NA      NA   0.482   0.765   1.155   1.516      NA      NA   0.037   0.107   0.291   0.705
    NA      NA      NA      NA      NA      NA      NA      NA      NA      NA      NA      NA      NA      NA      NA      NA      NA      NA
    NA      NA      NA      NA      NA      NA      NA      NA      NA      NA      NA      NA      NA      NA      NA      NA      NA      NA
    NA      NA      NA      NA   1.610   2.011      NA      NA      NA      NA   2.750   2.779      NA      NA      NA      NA   0.563   1.310
    NA      NA      NA   0.734      NA      NA      NA      NA      NA   1.110      NA      NA      NA      NA      NA   0.365      NA      NA
    NA      NA      NA      NA      NA      NA      NA      NA      NA      NA      NA      NA      NA      NA      NA      NA      NA      NA
    NA      NA      NA      NA      NA      NA      NA      NA      NA      NA      NA      NA      NA      NA      NA      NA      NA      NA
    NA      NA      NA   0.282   0.403   0.530      NA      NA      NA   0.417   0.601   0.791      NA      NA      NA   0.153   0.215   0.284
 0.555   0.811   1.204   1.307   1.632   2.263   0.903   1.277   1.838   1.854   2.021   2.882   0.227   0.372   0.605   0.789   1.263   1.673
    NA      NA      NA      NA      NA      NA      NA      NA      NA      NA      NA      NA      NA      NA      NA      NA      NA      NA
    NA      NA      NA   0.132   0.206   0.488      NA      NA      NA   0.139   0.206   0.680      NA      NA      NA   0.125   0.206   0.306
    NA      NA      NA      NA      NA      NA      NA      NA      NA      NA      NA      NA      NA      NA      NA      NA      NA      NA
 1.041   1.028   1.136   1.297   2.033   2.798   1.559   1.512   1.639   1.907   2.971   3.964   0.523   0.550   0.644   0.704   1.124   1.671
 2.422   2.644   2.736   2.786   3.079   3.249   2.618   2.765   2.593   2.394   3.066   3.320   2.260   2.542   2.856   3.118   3.090   3.189
 0.399   0.481   0.494   0.690   0.879   1.333   0.624   0.770   0.917   1.080   1.357   1.976   0.186   0.202   0.079   0.303   0.397   0.681
    NA      NA      NA      NA      NA      NA      NA      NA      NA      NA      NA      NA      NA      NA      NA      NA      NA      NA
 1.602   1.645   1.932   2.084   2.168   2.465   2.435   2.444   2.820   2.894   3.126   3.473   0.854   0.927   1.137   1.356   1.325   1.587
    NA      NA   0.150   0.279   0.525   0.752      NA      NA   0.281   0.453   0.887   1.150      NA      NA   0.030   0.121   0.203   0.395
    NA      NA      NA      NA      NA      NA      NA      NA      NA      NA      NA      NA      NA      NA      NA      NA      NA      NA
 2.121   2.566   2.862   3.057   3.367   3.579   2.601   3.326   3.551   3.866   4.150   4.284   1.674   1.862   2.217   2.327   2.676   2.894
    NA      NA      NA      NA      NA      NA      NA      NA      NA      NA      NA      NA      NA      NA      NA      NA      NA      NA
 0.392   0.432   0.706   0.766   0.826   1.024   0.599   0.649   1.026   1.084   1.106   1.534   0.201   0.232   0.411   0.473   0.566   0.550
 0.759   0.620   0.512   0.447   0.446   0.471   1.275   1.044   0.859   0.740   0.715   0.732   0.283   0.230   0.192   0.177   0.197   0.228
    NA      NA      NA      NA      NA      NA      NA      NA      NA      NA      NA      NA      NA      NA      NA      NA      NA      NA
    NA      NA      NA   0.639   0.882   0.733      NA      NA      NA   1.121   1.348   1.363      NA      NA      NA   0.182   0.441   0.136
 1.396   1.199   1.508   1.707   1.704   2.034   1.902   1.652   2.025   2.270   2.264   2.655   0.904   0.758   1.002   1.154   1.156   1.428
 2.820      NA   3.273      NA      NA      NA      NA      NA      NA      NA      NA      NA   2.964      NA   3.360      NA      NA      NA
 0.378   0.526   0.681   1.100   1.155   1.264   0.530   0.734   0.952   1.509   1.592   1.742   0.238   0.333   0.430   0.722   0.749   0.822
    NA      NA      NA      NA      NA      NA      NA      NA      NA      NA      NA      NA      NA      NA      NA      NA      NA      NA
 3.217   3.172   3.297   3.485   3.700   3.994   3.209   3.345   3.379   3.724   4.062   4.437   3.224   3.009   3.220   3.261   3.358   3.574
 0.244   0.264   0.293   0.369   0.458   0.596   0.467   0.504   0.541   0.639   0.739   0.908   0.028   0.033   0.054   0.107   0.186   0.292
 1.500   1.448   1.670   2.696   2.793   3.403   1.817   1.577   1.924   2.963   3.273   3.957   1.213   1.328   1.432   2.444   2.355   2.891
 0.932   1.660   1.836   1.711   2.212   2.087   1.148   2.279   2.521   2.370   2.769   2.580   0.737   1.095   1.204   1.097   1.692   1.624
 0.166   0.305   0.432   0.725   1.097   1.523   0.323   0.558   0.739   1.172   1.705   2.228   0.020   0.071   0.147   0.311   0.532   0.864
 0.293   0.506   0.639   0.844   1.331   1.645   0.541   0.820   1.065   1.247   1.966   2.308   0.043   0.181   0.249   0.436   0.700   0.987
 1.041   1.050   0.999   1.200   1.564   1.830   1.568   1.650   1.580   1.858   2.317   2.688   0.537   0.479   0.447   0.576   0.852   1.018
 0.593   0.808   1.038   1.291   1.600   2.013   1.154   1.533   1.892   2.225   2.535   3.065   0.133   0.202   0.310   0.479   0.761   1.059
 1.536   1.823   1.880   2.196   2.838   3.711   2.348   2.793   2.813   2.923   3.125   4.627   0.776   0.917   1.008   1.511   2.566   2.862
 1.508   1.696   1.722   1.984   2.185   2.362   1.791   2.196   2.224   2.583   2.816   3.011   1.235   1.211   1.235   1.403   1.578   1.742
    NA      NA      NA      NA      NA      NA      NA      NA      NA      NA      NA      NA      NA      NA      NA      NA      NA      NA
 4.485   4.510   5.172   4.940   4.473   4.640   4.876   4.690   5.274   4.885   4.580   4.731   4.203   4.381   5.096   4.986   4.386   4.564
 5.291   5.320   5.364   5.337   5.448   5.534   5.254   5.298   5.336   5.334   5.448   5.539   5.327   5.342   5.391   5.340   5.448   5.529
 3.015   3.291   3.066   3.561   3.690   3.871   2.962   3.294   3.075   3.582   3.729   3.873   3.067   3.288   3.057   3.540   3.651   3.869
 3.546      NA   3.544      NA   3.725      NA      NA      NA      NA      NA      NA      NA   3.648      NA   3.493      NA   3.641      NA
 2.217   2.276   2.346   2.720   2.954   3.128   2.370   2.291   2.483   2.852   3.077   3.289   2.058   2.259   2.205   2.584   2.826   2.962
 1.455   1.620   1.812   2.278   2.775   2.974   1.650   1.764   1.837   2.517   2.960   3.478   1.266   1.479   1.789   2.047   2.606   2.524
    NA      NA      NA      NA      NA      NA      NA      NA      NA      NA      NA      NA      NA      NA      NA      NA      NA      NA
 0.989   1.242   1.496   1.609   1.893   2.064   1.103   1.410   1.737   1.887   2.196   2.387   0.873   1.071   1.251   1.328   1.588   1.740
 0.471   0.618   0.741   0.896   1.038   1.202   0.742   0.838   0.959   1.143   1.270   1.472   0.227   0.418   0.543   0.672   0.829   0.961
 1.500   1.621   1.701   1.773   2.217   2.776   1.669   1.772   1.913   1.889   2.343   2.829   1.332   1.471   1.493   1.659   2.093   2.723
 2.163   2.273   2.617   2.620   2.717   2.863   2.156   2.277   2.658   2.644   2.758   2.897   2.168   2.269   2.579   2.600   2.680   2.831
 2.103   2.388   2.724   2.819   2.769   3.383   2.307   2.845   3.131   3.186   2.818   3.433   1.908   1.952   2.337   2.469   2.722   3.336
 1.892   1.944   2.187   2.008   2.226   3.036   1.971   1.954   2.622   2.040   2.270   3.181   1.819   1.935   1.772   1.979   2.184   2.898
 3.435   3.288   3.393   3.717   4.137   4.133   3.455   3.236   3.367   3.662   4.171   4.141   3.414   3.343   3.421   3.776   4.101   4.124
 3.581      NA      NA      NA   3.761      NA      NA      NA      NA      NA      NA      NA   3.678      NA      NA      NA   3.719      NA
 4.190      NA      NA      NA   4.438      NA      NA      NA      NA      NA      NA      NA   4.179      NA      NA      NA   4.346      NA
 3.686   3.720   3.724   4.132   5.034   4.643   3.830   3.855   3.872   4.186   5.043   4.698   3.545   3.589   3.583   4.080   5.025   4.590
 5.265   5.538   5.755   5.731   5.880   5.854   5.201   5.512   5.691   5.726   5.890   5.854   5.325   5.562   5.813   5.735   5.871   5.854
 4.287   4.514   4.956   4.938   5.334   5.145   4.384   4.598   5.048   4.898   5.265   5.226   4.187   4.429   4.865   4.977   5.401   5.068
 2.016   2.335   2.335   2.419   2.578   2.760   2.709   3.222   3.177   3.109   3.241   3.094   1.356   1.498   1.540   1.771   1.959   2.449
 1.874   1.950   2.217   2.040   2.100   2.393   2.039   2.088   2.375   2.152   2.186   2.485   1.711   1.814   2.063   1.930   2.015   2.302
 3.798   3.794   4.062   4.040   4.158   4.460   3.888   3.933   4.268   4.145   4.290   4.565   3.714   3.666   3.873   3.944   4.036   4.364
 2.016   2.393   2.485   2.788   2.962   3.026   2.133   2.498   2.631   2.885   3.075   2.973   1.907   2.295   2.347   2.696   2.855   3.075
 2.529   2.681   2.607   3.193   3.972   3.722   2.764   2.888   2.605   3.393   4.222   3.876   2.304   2.481   2.609   2.996   3.726   3.571
 4.104   3.755   3.557   3.714   3.833   4.040   4.289   3.685   3.794   3.946   4.047   4.075   3.924   3.822   3.329   3.488   3.628   4.007
 2.952   3.069   3.093   3.484   3.618   3.630   3.286   3.376   3.344   3.695   3.798   3.839   2.642   2.784   2.859   3.284   3.441   3.420
 2.421   2.610   2.863   3.188   3.741   3.900   2.997   3.183   3.423   3.731   4.266   4.459   1.851   2.043   2.309   2.652   3.222   3.347
    NA      NA      NA      NA      NA      NA      NA      NA      NA      NA      NA      NA      NA      NA      NA      NA      NA      NA
 3.569   3.798   3.830   4.299   4.163   4.301   3.637   3.773   3.685   4.274   4.184   4.369   3.503   3.822   3.968   4.323   4.145   4.239
 2.202   2.195   2.283   2.811   3.493   3.686   2.538   2.469   2.485   2.993   3.673   3.866   1.857   1.917   2.080   2.630   3.311   3.507
 0.536   0.460   0.426   0.456   0.486   0.702   0.923   0.792   0.737   0.791   0.848   1.261   0.137   0.113   0.100   0.102   0.105   0.110
 0.897   0.987   1.197   1.530   3.003   3.273   1.155   1.308   1.557   1.887   3.321   3.514   0.547   0.645   0.720   1.053   2.385   2.787
 0.536   0.701   0.585   0.708   1.177   1.349   0.869   1.114   0.923   1.128   1.733   1.936   0.126   0.208   0.196   0.238   0.568   0.718
 0.683   0.671   0.798   0.688   0.998   1.362   0.861   0.843   1.147   0.865   1.208   1.619   0.511   0.505   0.460   0.516   0.795   1.115
    NA      NA      NA      NA      NA      NA      NA      NA      NA      NA      NA      NA      NA      NA      NA      NA      NA      NA
 3.507   3.240   3.414   3.651   4.143   4.396   4.692   4.404   4.463   4.498   4.834   4.922   2.322   2.124   2.394   2.769   3.387   3.847
 1.328   1.468   1.634   1.891   1.915   2.110   2.067   2.236   2.467   2.842   2.778   2.646   0.532   0.646   0.752   0.885   1.002   1.540
 1.026   1.441   2.019   2.265   2.580   3.127   1.552   2.036   2.728   2.971   3.216   2.868   0.504   0.859   1.335   1.589   1.974   3.374
 0.316   0.603   0.901   1.322   1.557   2.181   0.393   0.891   1.292   1.816   2.057   2.712   0.239   0.315   0.509   0.852   1.053   1.643
 0.120   0.256   0.817   1.312   1.757   2.112   0.195   0.410   1.277   1.990   2.601   3.073   0.044   0.099   0.349   0.625   0.902   1.135
 5.325   5.450   5.664   5.951   6.434   6.644   5.898   5.963   6.127   6.380   6.866   6.940   4.756   4.947   5.214   5.541   6.024   6.366
 4.898   4.952   4.969   5.084   5.230   5.288   5.035   5.080   5.050   5.155   5.297   5.350   4.773   4.835   4.895   5.017   5.168   5.230
 1.044   1.231   0.999   1.902   1.751   2.618   1.591   1.834   1.151   2.492   2.405   3.249   0.471   0.607   0.843   1.286   1.075   1.971
 2.484   3.327   4.095   3.990   4.338   4.679   3.304   4.056   4.594   4.543   4.847   5.137   1.758   2.661   3.627   3.461   3.848   4.243
 1.222   1.628   1.492   2.261   1.581   1.888   1.306   1.821   1.769   2.082   1.682   1.875   1.022   1.207   1.002   2.529   1.402   1.913
 1.840   2.196   2.637   3.096   3.300   3.902   2.861   3.080   3.019   3.852   4.480   5.099   0.746   1.270   2.244   2.321   2.112   2.726
 0.053   0.074   0.028   0.334   0.432   0.708   0.054   0.111   0.056   0.568   0.587   1.021   0.053   0.037   0.000   0.102   0.271   0.389
    NA      NA      NA      NA      NA      NA      NA      NA      NA      NA      NA      NA      NA      NA      NA      NA      NA      NA
 0.457   0.716   0.877   0.903   0.930   1.073   0.457   0.948   1.379   1.393   1.402   1.549   0.457   0.459   0.333   0.374   0.408   0.550
 3.022   3.316   3.728   4.077   4.353   4.596   3.374   3.629   3.971   4.195   4.441   4.704   2.690   3.017   3.487   3.960   4.266   4.492
    NA      NA      NA      NA      NA      NA      NA      NA      NA      NA      NA      NA      NA      NA      NA      NA      NA      NA
 1.924   2.243   2.617   2.840   2.689   3.149   2.655   3.094   3.526   3.582   3.255   3.579   1.049   1.311   1.668   2.075   2.114   2.714
 2.390   2.786   3.146   3.287   3.432   3.483   2.827   3.295   3.607   3.682   3.730   3.718   1.862   2.195   2.606   2.839   3.118   3.246
 0.867   1.148   1.357   1.706   2.172   2.622   1.415   1.842   2.157   2.623   3.195   3.480   0.297   0.446   0.548   0.785   1.140   1.757
 2.434   2.756   3.121   3.602   4.428   4.469   3.378   3.637   3.889   4.297   4.990   4.950   1.380   1.756   2.197   2.789   3.792   3.939
 3.196   2.950   3.254   3.360   3.203   4.238   3.917   3.595   3.860   3.786   3.548   4.526   2.485   2.322   2.672   2.954   2.870   3.961
    NA      NA      NA   2.559      NA      NA      NA      NA      NA   2.705      NA      NA      NA      NA      NA   2.073      NA      NA
    NA      NA      NA   0.056   0.116   0.734      NA      NA      NA   0.118   0.261   1.802      NA      NA      NA   0.008   0.015   0.032
 3.100   3.149   3.399   3.418   3.475   3.510   3.185   3.240   3.582   3.585   3.621   3.643   3.034   3.076   3.252   3.281   3.355   3.400
 5.812   5.874   5.965   6.134   6.202   6.268   5.865   5.936   6.054   6.219   6.287   6.352   5.763   5.817   5.884   6.056   6.125   6.192
 3.582   3.752   4.076   4.901   4.835   4.754   4.490   4.379   4.506   4.992   4.934   4.812   2.745   3.181   3.682   4.815   4.741   4.699
 7.704   7.764   7.794   7.907   7.964   8.010   7.574   7.706   7.839   8.023   8.076   8.114   7.826   7.818   7.750   7.797   7.860   7.912
 7.077   7.245   7.506   7.633   7.885   7.880   7.230   7.379   7.630   7.766   7.950   8.000   6.949   7.130   7.400   7.516   7.828   7.774
 3.463   3.931   3.845   3.906   3.979   4.123   3.503   3.950   3.895   3.937   4.022   4.188   3.427   3.915   3.800   3.878   3.939   4.065
 7.174   7.291   7.375   7.369   7.463   7.436   7.281   7.419   7.511   7.522   7.606   7.583   7.088   7.185   7.261   7.240   7.342   7.309
 3.831   4.303   4.320   4.626   4.803   4.719   4.547   4.891   4.908   5.072   5.261   5.071   3.186   3.783   3.795   4.224   4.386   4.398
 6.156   6.447   7.124   6.657   7.584   7.518   6.424   6.631   7.197   7.299   7.670   7.682   5.921   6.285   7.060   6.091   7.508   7.374
 4.838   4.901   4.981   5.080   5.167   5.234   4.897   4.975   5.068   5.181   5.249   5.296   4.778   4.826   4.898   4.983   5.090   5.173
 4.879   4.890   4.921   4.974   5.172   5.262   4.862   4.886   4.935   5.005   5.179   5.259   4.896   4.893   4.908   4.944   5.166   5.264
 3.649   3.793   4.043   3.873   3.937   4.038   3.808   3.952   4.225   4.017   4.083   4.181   3.504   3.647   3.878   3.744   3.807   3.910
    NA      NA      NA      NA      NA      NA      NA      NA      NA      NA      NA      NA      NA      NA      NA      NA      NA      NA
 4.297   4.316   4.677   4.965   5.253   5.554   4.547   4.586   4.885   5.128   5.469   5.778   4.088   4.096   4.505   4.824   5.061   5.347
 4.824   4.884   5.369   5.385   5.423   5.478   4.921   4.986   5.483   5.500   5.540   5.590   4.732   4.788   5.260   5.275   5.312   5.372
 4.833   4.880   5.027   5.943   5.886   5.889   4.933   4.971   5.143   5.942   5.873   5.919   4.738   4.793   4.917   5.945   5.898   5.860
 5.972   6.180   6.564   6.876   7.268   6.803   6.411   6.543   6.840   7.133   7.444   7.102   5.597   5.867   6.324   6.650   7.112   6.536
 1.624   1.469   0.993   1.496   2.266   2.538   1.952   1.759   1.257   1.791   2.512   2.746   1.344   1.227   0.778   1.260   2.059   2.357
 3.099   3.354   4.032   3.401   3.578   3.732   3.221   3.498   4.287   3.752   3.996   3.895   2.990   3.228   3.805   3.086   3.198   3.585
 5.119   4.952   4.491   4.858   5.190   5.240   5.142   5.021   4.476   4.828   5.207   5.244   5.097   4.885   4.506   4.887   5.175   5.237
 5.067   5.034   4.752   4.804   5.757   5.337   5.169   5.112   4.863   4.895   5.814   5.488   4.973   4.964   4.650   4.721   5.706   5.200
 1.692   1.810   1.545   1.644   1.913   2.429   2.372   2.599   2.179   2.227   2.574   2.938   1.027   1.028   0.899   1.041   1.261   1.890
 6.769   6.096   5.898   5.933   5.922   5.997   6.777   6.075   5.882   5.892   5.844   5.936   6.762   6.113   5.912   5.970   5.991   6.053
 3.880   4.920   4.552   4.961   5.350   5.718   4.529   5.791   5.325   5.879   6.210   6.529   3.308   4.142   3.856   4.125   4.560   4.963
 6.353   6.348   6.478   6.467   6.477   6.522   6.334   6.349   6.514   6.506   6.400   6.459   6.373   6.347   6.442   6.428   6.551   6.583
 4.318   5.040   4.599   4.584   5.236   5.700   4.775   5.611   5.184   5.134   5.754   5.982   3.786   4.424   3.989   4.024   4.714   5.416
 7.249   7.214   7.252   7.550   7.691   7.687   7.292   7.258   7.352   7.630   7.740   7.732   7.206   7.171   7.157   7.474   7.644   7.644
 1.226   1.062   0.637   0.788   0.798   1.424   1.699   1.198   0.816   0.910   1.040   1.776   0.691   0.909   0.438   0.651   0.540   1.047
    NA      NA      NA   2.279      NA      NA      NA      NA      NA      NA      NA      NA      NA      NA      NA   1.706      NA      NA
    NA      NA      NA      NA      NA      NA      NA      NA      NA      NA      NA      NA      NA      NA      NA      NA      NA      NA
    NA      NA      NA      NA      NA      NA      NA      NA      NA      NA      NA      NA      NA      NA      NA      NA      NA      NA
    NA   4.947   4.834      NA   5.087      NA      NA      NA      NA      NA      NA      NA      NA   4.863   4.773      NA   5.105      NA

