 1.94   1.70   2.20   2.70   3.78   5.93   2.43   1.95   3.99   4.28   5.75   8.29   1.45   1.46   0.70   1.34   2.03   3.86
   NA     NA     NA     NA     NA     NA     NA     NA     NA     NA     NA     NA     NA     NA     NA     NA     NA     NA
 1.30   1.31   1.44   1.72   2.20   3.24   1.98   2.02   2.22   2.54   3.16   4.67   0.65   0.63   0.69   0.95   1.30   1.89
 2.29   2.40   2.40   3.05   4.40   6.54   3.20   3.37   3.41   4.11   5.76   6.94   1.60   1.70   1.70   2.29   3.30   6.23
   NA     NA     NA     NA     NA     NA     NA     NA     NA     NA     NA     NA     NA     NA     NA     NA     NA     NA
   NA     NA     NA     NA     NA     NA     NA     NA     NA     NA     NA     NA     NA     NA     NA     NA     NA     NA
 5.91   4.97   4.38   4.40   4.64   5.89  10.23   8.56   7.44   7.40   7.31   8.85   1.90   1.65   1.53   1.60   2.14   3.11
   NA     NA     NA     NA     NA     NA     NA     NA     NA     NA     NA     NA     NA     NA     NA     NA     NA     NA
 1.75   1.50   1.42   1.50   1.89   2.85   3.59   3.06   2.85   2.85   3.36   4.95   0.14   0.13   0.16   0.30   0.59   1.01
   NA     NA     NA     NA     NA     NA     NA     NA     NA     NA     NA     NA     NA     NA     NA     NA     NA     NA
   NA     NA     NA     NA     NA     NA     NA     NA     NA     NA     NA     NA     NA     NA     NA     NA     NA     NA
 8.36   7.09   6.32   6.67   8.64  16.90  11.68   9.89   8.63   9.25  11.91  23.04   5.30   4.52   4.19   4.31   5.64  11.30
   NA     NA     NA   5.70     NA     NA     NA     NA     NA   8.35     NA     NA     NA     NA     NA   3.10     NA     NA
   NA     NA     NA     NA     NA     NA     NA     NA     NA     NA     NA     NA     NA     NA     NA     NA     NA     NA
   NA     NA     NA     NA     NA     NA     NA     NA     NA     NA     NA     NA     NA     NA     NA     NA     NA     NA
 3.30   3.05   3.04   3.60   4.23   5.29   5.15   4.73   4.59   5.27   6.19   7.88   1.54   1.44   1.54   2.00   2.37   2.84
 1.10   5.98  16.10  15.30  14.80  19.16   1.95   9.70  25.61  23.58  22.49  27.36   0.30   2.47   7.10   7.44   7.50  11.36
   NA     NA     NA     NA     NA     NA     NA     NA     NA     NA     NA     NA     NA     NA     NA     NA     NA     NA
 0.10   0.10   0.10   0.10   0.80   1.18   0.10   0.10   0.10   0.10   0.80   1.18   0.10   0.10   0.10   0.10   0.80   1.17
   NA     NA     NA     NA     NA     NA     NA     NA     NA     NA     NA     NA     NA     NA     NA     NA     NA     NA
 2.00   1.81   3.33   2.05   8.72   5.28   2.90   2.51   5.50   2.61  13.89   6.89   1.10   1.12   1.20   1.50   3.71   3.72
 1.42   1.60   1.81   4.60   4.94   6.12   2.26   2.43   2.24   5.78   5.91   6.65   0.72   0.90   1.44   3.60   4.12   5.67
 1.70   2.85   1.63   7.50   7.63   8.98   2.65   4.48   2.48  11.83  12.01  14.03   0.80   1.28   0.80   3.20   3.20   3.86
   NA     NA     NA     NA     NA     NA     NA     NA     NA     NA     NA     NA     NA     NA     NA     NA     NA     NA
 0.40   0.40   0.53   2.50   2.42   2.60   0.73   0.73   0.96   4.28   4.14   4.39   0.10   0.10   0.14   0.90   0.90   1.04
 0.10   0.10   0.10   0.60   1.38   2.51   0.10   0.10   0.06   1.04   2.32   4.17   0.10   0.10   0.14   0.20   0.54   1.03
   NA     NA     NA     NA     NA     NA     NA     NA     NA     NA     NA     NA     NA     NA     NA     NA     NA     NA
 6.70   8.84  11.90  15.45  20.60  24.17   7.88  10.86  15.00  18.90  24.11  27.78   5.60   6.97   9.00  12.32  17.50  20.66
   NA     NA     NA     NA     NA     NA     NA     NA     NA     NA     NA     NA     NA     NA     NA     NA     NA     NA
 0.10   0.10   0.10   0.10   0.60   1.05   0.10   0.10   0.10   0.10   1.03   1.61   0.10   0.10   0.10   0.10   0.20   0.52
 1.39   1.13   1.00   1.00   0.98   1.13   1.75   1.43   1.33   1.43   1.31   1.57   1.06   0.85   0.70   0.60   0.68   0.72
   NA     NA     NA     NA     NA     NA     NA     NA     NA     NA     NA     NA     NA     NA     NA     NA     NA     NA
 2.53   2.21   2.15   2.07   2.00   1.94   3.31   2.83   2.83   2.80   2.74   2.70   1.79   1.63   1.50   1.39   1.30   1.22
 1.72   1.68   1.76   2.50   3.62   4.36   1.71   1.80   2.13   3.42   5.13   6.03   1.73   1.56   1.39   1.60   2.15   2.72
 5.50     NA  13.20     NA     NA     NA     NA     NA     NA     NA     NA     NA   4.30     NA  13.20     NA     NA     NA
 2.00   2.93   3.84   6.70   6.81   7.48   2.76   4.04   5.22   9.18   9.33  10.26   1.30   1.90   2.56   4.40   4.47   4.91
   NA     NA     NA     NA     NA     NA     NA     NA     NA     NA     NA     NA     NA     NA     NA     NA     NA     NA
27.20  26.16  27.40  26.08  27.20  26.70  27.30  26.32  27.93  26.49  29.65  27.02  27.10  26.02  26.90  25.70  24.89  26.40
 0.49   0.45   0.83   1.23   2.10   4.14   0.82   0.75   1.36   1.89   3.05   6.20   0.18   0.17   0.32   0.59   1.17   2.13
 4.99   4.60   4.68  11.42   7.23  11.52   4.86   4.71   4.96  14.10   7.95  12.64   5.11   4.50   4.41   8.89   6.58  10.48
 1.21   1.16   1.32   1.43   1.70   1.89   2.05   1.94   2.14   2.26   2.56   2.72   0.44   0.45   0.57   0.65   0.90   1.11
 0.60   0.66   0.90   3.52   8.70  10.28   1.00   1.09   1.44   5.53  13.53  15.93   0.23   0.26   0.40   1.65   4.20   5.01
 1.90   3.00   4.00   6.40   8.90  12.00   3.35   4.74   6.41   9.56  13.03  17.14   0.44   1.20   1.79   3.20   4.80   6.90
 3.80   3.20   1.80   2.15   2.42   2.65   6.52   5.61   3.38   3.13   3.55   3.93   1.20   0.91   0.30   1.23   1.35   1.44
 0.77   0.95   1.33   1.93   3.15   5.60   1.54   1.86   2.47   3.40   5.22   8.95   0.13   0.20   0.35   0.65   1.30   2.56
 0.35   4.14   3.70   6.67  12.80  12.93   0.69   6.56   5.84   8.30  12.80  13.90   0.03   1.87   1.70   5.13  12.80  12.03
 1.69   0.89   1.90   2.53   3.16   4.21   2.27   1.70   3.34   3.77   4.12   5.52   1.14   0.10   0.50   1.33   2.23   2.96
   NA     NA     NA     NA     NA     NA     NA     NA     NA     NA     NA     NA     NA     NA     NA     NA     NA     NA
16.20  31.12  63.90  53.51  32.30  37.65  17.17  31.97  66.03  48.96  32.67  37.99  15.50  30.50  62.30  57.35  32.00  37.36
37.90  36.74  45.02  36.60  36.80  38.63  34.36  33.50  41.71  33.68  33.84  35.44  41.50  39.95  48.24  39.40  39.60  41.64
 6.31   7.60   7.60  11.20  11.01  12.70   6.53   7.50   7.60  11.40  10.16  10.70   6.10   7.70   7.60  11.00  11.85  14.68
 6.40     NA   5.20     NA  11.10     NA     NA     NA     NA     NA     NA     NA   6.20     NA   4.80     NA  10.60     NA
 2.70   5.76  12.10  10.78  10.83  13.27   2.99   6.41  13.07  11.39  11.29  14.91   2.40   5.09  11.10  10.16  10.35  11.58
 4.60   5.07   6.10   7.59   6.90   8.42   4.91   5.37   6.10   8.10   7.23   8.80   4.30   4.78   6.10   7.09   6.60   8.08
   NA     NA     NA     NA     NA     NA     NA     NA     NA     NA     NA     NA     NA     NA     NA     NA     NA     NA
 3.52   3.50   3.73   4.90   7.40   6.62   3.96   3.60   3.88   5.00   7.60   6.31   3.09   3.40   3.59   4.80   7.20   6.94
 4.11   3.61   3.80   4.88   7.20   7.16   5.02   4.61   5.01   6.28   8.64   8.45   3.29   2.71   2.70   3.60   5.90   6.01
 3.50   3.89   4.16   5.30   7.60  11.90   3.70   4.08   4.56   5.40   7.39  11.10   3.30   3.71   3.76   5.20   7.82  12.70
 5.50   6.86  10.51  13.76  15.00  22.26   5.38   6.61   9.40  12.98  14.13  20.75   5.60   7.08  11.51  14.44  15.80  23.66
 4.30   5.28   7.80   8.13   8.10  10.54   4.40   6.64  11.67  11.26   9.52  11.95   4.20   3.98   4.11   5.15   6.75   9.20
 3.87   4.30   4.36   5.19   6.23   7.05   4.19   4.83   4.75   5.29   5.96   5.91   3.57   3.80   3.99   5.10   6.48   8.15
15.40  16.15  17.40  20.01  23.50  25.39  15.49  15.40  17.11  18.80  23.02  24.08  15.30  16.94  17.71  21.28  24.00  26.75
 3.40     NA     NA     NA   6.80     NA     NA     NA     NA     NA     NA     NA   3.20     NA     NA     NA   6.80     NA
 5.90     NA     NA     NA   8.20     NA     NA     NA     NA     NA     NA     NA   5.10     NA     NA     NA   8.00     NA
15.10  14.07  12.60  17.48  23.70  27.64  15.82  14.91  13.44  18.56  22.89  28.13  14.40  13.26  11.80  16.44  24.50  27.17
43.80  46.48  50.70  54.62  64.90  60.46  39.86  42.06  46.59  51.26  64.90  60.67  47.50  50.55  54.40  57.62  64.90  60.28
11.60  13.07  15.30  16.74  20.40  22.06  12.57  13.72  16.01  16.51  20.71  21.77  10.60  12.41  14.60  16.97  20.10  22.33
17.09  23.21  20.23  17.90  16.91  17.20  21.90  30.17  25.81  22.27  20.30  19.94  12.50  16.66  14.96  13.80  13.74  14.66
10.57   8.83   9.60   5.70   6.90   8.33  11.09   9.21  10.01   5.40   6.60   7.46  10.07   8.46   9.20   6.00   7.20   9.19
22.40  21.98  22.20  23.78  26.90  28.37  22.94  20.84  17.52  20.52  26.68  27.12  21.90  23.03  26.50  26.77  27.10  29.52
11.66  10.50  10.23  18.40  18.09  20.32  13.54  12.01  11.73  18.29  17.73  19.83   9.92   9.10   8.84  18.50  18.44  20.78
 7.10   7.87   7.30  11.20  16.00  13.42   7.73   8.14   7.64  10.59  14.99  11.95   6.50   7.60   6.97  11.80  17.00  14.86
10.50  10.82   9.20  14.88  17.30  25.22  11.63   7.61  10.65  17.00  19.18  25.92   9.40  13.92   7.80  12.81  15.50  24.57
 6.90   7.75  10.30  11.89  16.00  14.99   8.95   9.64  11.80  13.14  17.22  15.69   5.00   5.99   8.90  10.70  14.80  14.30
 9.70  10.60  13.40  15.84  21.40  22.44  11.52  12.58  15.93  18.17  24.53  25.08   7.90   8.63  10.90  13.53  18.30  19.84
   NA     NA     NA     NA     NA     NA     NA     NA     NA     NA     NA     NA     NA     NA     NA     NA     NA     NA
14.10  14.10  15.90  17.40  20.47  28.60  15.63  15.13  16.56  18.25  20.26  29.82  12.59  13.10  15.28  16.60  20.66  27.50
 5.30   7.07  11.10  14.82  22.30  22.15   6.57   8.26  11.80  15.00  22.70  21.26   4.00   5.86  10.40  14.65  21.90  23.05
 3.63   3.05   2.64   2.40   1.20   2.25   6.43   5.40   4.63   4.11   2.05   3.87   0.74   0.61   0.55   0.60   0.30   0.52
 5.32   6.20   9.20  16.83  25.58  30.63   6.61   7.79  11.92  23.20  30.15  33.47   3.57   4.50   5.60   8.33  16.70  24.91
 6.06   5.75   6.01   6.90  11.60  14.10   9.85   9.58  10.25  11.81  18.46  22.17   1.38   1.18   1.12   1.40   4.10   5.43
 8.68   8.54   7.93   9.10  11.47  14.50  12.87  12.56  11.38  13.23  16.09  20.14   4.62   4.65   4.59   5.10   6.97   9.10
   NA     NA     NA     NA     NA     NA     NA     NA     NA     NA     NA     NA     NA     NA     NA     NA     NA     NA
21.00  18.40  20.50  25.40  30.50  38.30  28.40  25.70  27.80  32.02  36.17  43.66  13.60  11.40  13.40  18.50  24.30  32.70
 2.40   2.63   3.90   7.88  13.70  14.35   4.09   4.07   6.35  12.34  20.40  20.90   0.58   1.09   1.30   3.16   6.60   7.40
 1.90   2.99   5.10   6.73   9.60  10.90   3.01   4.56   7.38   9.47  13.07  14.43   0.80   1.45   2.90   4.11   6.30   7.53
 1.96   3.40   4.72   9.03  11.89  18.21   2.68   4.80   6.65  14.14  17.25  24.65   1.24   2.00   2.79   4.15   6.49  11.70
 0.90   1.70   4.49   8.35   9.74  13.06   1.39   2.78   7.47  13.69  15.41  19.79   0.40   0.60   1.46   2.95   3.99   6.23
27.90  28.84  31.30  32.76  36.90  36.87  29.91  30.12  33.05  34.21  39.12  38.51  25.90  27.58  29.60  31.37  34.80  35.33
30.90  33.84  33.00  38.10  39.90  41.97  30.35  32.99  31.58  35.75  37.20  38.46  31.40  34.63  34.30  40.26  42.40  45.22
 6.50   8.37  11.94  16.97  12.70  14.99   9.46  12.34  18.19  25.20  17.45  21.38   3.40   4.25   5.50   8.40   7.80   8.43
10.90  17.50  21.80  28.70  36.90  45.30  17.45  25.82  30.13  36.96  44.51  50.56   5.10   9.90  14.00  20.80  29.60  40.30
 4.10   7.09  14.10  33.20  24.40  29.70   4.23   7.61  15.23  28.12  24.96  28.63   3.80   5.96  12.10  40.80  23.40  31.60
 7.20   9.39  13.26  15.20  19.90  23.60  11.40  14.06  15.75  21.84  29.64  31.80   2.70   4.49  10.70   8.39  10.10  15.55
 0.60   0.99   0.30   0.85   2.19   3.65   0.60   1.46   0.60   1.47   3.67   6.21   0.60   0.52   0.00   0.23   0.65   1.04
   NA     NA     NA     NA     NA     NA     NA     NA     NA     NA     NA     NA     NA     NA     NA     NA     NA     NA
 2.40   4.65   7.30   7.71  10.50  10.94   2.40   6.65  11.81  11.89  16.22  16.74   2.40   2.42   2.40   3.21   4.20   4.57
10.60  11.98  14.20  16.40  18.90  20.47  12.93  14.45  16.62  18.92  21.22  23.36   8.40   9.61  11.80  13.90  16.60  17.66
   NA     NA     NA     NA     NA     NA     NA     NA     NA     NA     NA     NA     NA     NA     NA     NA     NA     NA
22.81  20.69  20.90  20.48  14.60  20.76  30.23  27.77  27.60  25.05  16.67  22.03  13.94  12.93  13.90  15.76  12.50  19.48
20.70  24.96  35.00  34.64  34.10  36.26  24.68  29.95  40.13  38.75  36.76  38.18  15.90  19.17  29.00  29.99  31.30  34.32
 1.80   3.07   4.30   7.10  11.07  14.42   2.67   4.55   6.58  11.01  16.56  20.64   0.90   1.57   2.00   3.17   5.54   8.16
 9.95  15.10  18.13  20.00  23.30  32.86  11.11  21.27  25.32  26.16  28.34  40.64   8.67   8.10   9.47  12.80  17.60  24.30
 4.90   5.17   4.40   5.59   6.80   8.08   7.54   7.69   6.38   7.85   9.40  10.15   2.30   2.73   2.50   3.43   4.30   6.09
   NA     NA     NA  16.90  18.56  21.11     NA     NA     NA  17.53  19.96  22.44     NA     NA     NA  14.80  13.24  16.09
 0.78   0.65   0.55   0.50   0.46   0.92   1.55   1.29   1.12   1.14   1.12   2.06   0.00   0.00   0.00   0.00   0.00   0.17
 4.60   8.32  35.80  36.28  38.08  39.61   6.26  10.11  49.65  48.10  48.24  48.17   3.30   6.89  24.60  26.60  29.71  32.46
27.10  29.87  34.80  37.52  40.01  42.14  28.18  31.01  34.91  37.54  39.78  41.83  26.10  28.82  34.70  37.50  40.21  42.42
13.00  18.85  25.18  36.70  37.69  39.86  17.34  23.44  29.65  39.57  39.38  40.88   9.00  14.67  21.09  34.00  36.08  38.91
20.76  24.24  27.64  32.50  34.33  36.20  18.55  25.11  30.76  38.62  40.77  42.31  22.84  23.43  24.70  26.74  28.30  30.50
 6.00  13.22  24.00  30.12  36.90  30.60   4.46  11.65  22.25  28.79  36.33  30.94   7.30  14.56  25.50  31.28  37.40  30.30
 7.50   9.85  12.40  15.66  22.20  26.33   6.93   9.12  11.73  14.30  24.85  28.70   8.00  10.51  13.00  16.90  19.80  24.20
11.08  15.87  19.00  15.60  17.50  19.50  13.33  18.65  21.63  15.13  16.79  18.45   9.27  13.57  16.80  16.00  18.10  20.40
 7.90   9.59  10.60  14.43  19.70  24.13   9.68  11.51  11.94  16.17  22.34  27.35   6.30   7.89   9.40  12.87  17.30  21.19
 6.50   7.90  10.80  33.60  80.60  77.20   7.41   9.16  11.48  57.38  80.03  78.87   5.70   6.80  10.20  12.62  81.10  75.73
 9.80  14.01  19.47  26.00  32.01  36.29   7.94  13.16  19.33  26.81  32.54  37.57  11.70  14.87  19.60  25.23  31.51  35.03
27.75  26.70  27.40  28.67  39.80  43.41  22.69  22.32  24.14  26.18  36.33  39.18  32.71  31.00  30.60  31.07  43.20  47.52
13.90  15.15  17.50  19.02  29.20  30.66  16.09  17.51  20.37  21.81  33.78  34.85  11.90  13.01  14.90  16.50  25.10  26.91
   NA     NA     NA     NA     NA     NA     NA     NA     NA     NA     NA     NA     NA     NA     NA     NA     NA     NA
15.83  16.60  16.50  17.15  21.42  28.46  18.90  20.04  20.26  20.37  23.95  31.81  13.26  13.80  13.38  14.36  19.15  25.39
11.10  14.19  45.80  45.15  45.73  47.35  12.68  15.61  49.05  47.53  47.52  48.64   9.60  12.84  42.70  42.87  44.04  46.14
14.20  16.93  23.70  89.40  86.20  83.40  15.66  17.83  26.66  86.76  82.70  80.05  12.80  16.07  20.90  91.90  89.50  86.54
16.60  18.25  20.70  25.44  33.90  37.07  19.76  21.43  24.96  28.61  38.76  41.71  13.90  15.50  17.00  22.67  29.60  32.91
 3.50   3.31   2.00   6.17  10.50  14.41   4.55   4.12   2.49   8.11  11.92  16.01   2.60   2.64   1.60   4.62   9.30  13.03
 3.90   4.86   5.80   8.68  13.30  17.60   4.92   6.14   7.25  10.79  15.51  20.35   3.00   3.73   4.50   6.80  11.30  15.10
32.91  34.07  35.00  35.70  43.00  43.41  33.31  35.98  36.03  33.26  43.74  44.10  32.51  32.22  34.00  38.04  42.30  42.76
21.80  22.47  21.82  22.49  54.30  53.91  22.68  24.36  22.04  20.94  53.86  53.70  21.00  20.78  21.63  23.90  54.70  54.09
 4.60   5.70   6.32   7.30   8.70  11.44   6.64   8.22   8.95  10.01  11.74  15.07   2.60   3.20   3.63   4.50   5.70   7.58
24.50  26.98  29.93  32.57  34.88  38.04  21.31  23.91  26.84  29.58  31.83  34.94  27.30  29.71  32.69  35.24  37.62  40.82
 9.40  11.29  15.30  19.57  23.40  27.50  14.16  16.72  22.52  28.24  31.69  35.23   5.20   6.43   8.80  11.68  15.80  20.32
59.10  57.20  48.30  47.86  49.32  51.06  58.81  57.10  37.44  37.99  40.43  43.21  59.38  57.30  59.00  57.51  57.89  58.60
 5.49  36.77   8.30  10.60  18.23  24.90   4.97  42.58   9.77  13.15  22.49  27.88   6.10  30.49   6.77   8.00  13.94  21.90
57.85  54.30  54.82  57.10  56.30  55.75  56.67  52.65  55.87  56.37  55.18  53.67  59.02  55.90  53.82  57.80  57.35  57.70
 2.66   2.20   1.98   2.26   3.49   4.27   3.40   2.82   3.18   2.85   5.08   5.83   1.82   1.50   0.64   1.58   1.80   2.61
   NA     NA     NA   3.30     NA     NA     NA     NA     NA     NA     NA     NA     NA     NA     NA   1.70     NA     NA
   NA     NA     NA     NA     NA     NA     NA     NA     NA     NA     NA     NA     NA     NA     NA     NA     NA     NA
   NA     NA     NA     NA     NA     NA     NA     NA     NA     NA     NA     NA     NA     NA     NA     NA     NA     NA
   NA  28.30  31.00  37.80  39.20     NA     NA     NA     NA     NA     NA     NA     NA  23.60  28.40  36.60  39.60     NA

