 0.74   0.75   1.06   1.38   2.01   3.24   1.02   0.94   1.96   2.26   3.16   4.73   0.45   0.56   0.30   0.62   0.98   1.93
   NA     NA     NA     NA     NA     NA     NA     NA     NA     NA     NA     NA     NA     NA     NA     NA     NA     NA
 0.35   0.37   0.43   0.56   0.80   0.91   0.53   0.57   0.67   0.86   1.22   1.44   0.19   0.18   0.20   0.28   0.40   0.42
 0.57   0.60   0.60   1.01   1.30   1.53   0.80   0.88   0.89   1.46   1.92   2.05   0.40   0.40   0.40   0.68   0.80   1.12
   NA     NA     NA     NA     NA     NA     NA     NA     NA     NA     NA     NA     NA     NA     NA     NA     NA     NA
   NA     NA     NA     NA     NA     NA     NA     NA     NA     NA     NA     NA     NA     NA     NA     NA     NA     NA
 1.63   1.38   1.21   1.22   1.28   1.63   2.80   2.34   2.04   2.03   1.99   2.41   0.55   0.48   0.44   0.46   0.62   0.90
   NA     NA     NA     NA     NA     NA     NA     NA     NA     NA     NA     NA     NA     NA     NA     NA     NA     NA
 0.48   0.42   0.39   0.41   0.52   0.79   0.99   0.85   0.79   0.78   0.92   1.36   0.04   0.04   0.05   0.09   0.17   0.29
   NA     NA     NA     NA     NA     NA     NA     NA     NA     NA     NA     NA     NA     NA     NA     NA     NA     NA
   NA     NA     NA     NA     NA     NA     NA     NA     NA     NA     NA     NA     NA     NA     NA     NA     NA     NA
 2.31   1.96   1.74   1.84   2.39   4.66   3.15   2.67   2.33   2.50   3.21   6.21   1.53   1.30   1.21   1.24   1.63   3.26
   NA     NA     NA   2.78     NA     NA     NA     NA     NA   4.15     NA     NA     NA     NA     NA   1.43     NA     NA
   NA     NA     NA     NA     NA     NA     NA     NA     NA     NA     NA     NA     NA     NA     NA     NA     NA     NA
   NA     NA     NA     NA     NA     NA     NA     NA     NA     NA     NA     NA     NA     NA     NA     NA     NA     NA
 0.91   0.84   0.84   1.00   1.17   1.46   1.40   1.29   1.25   1.43   1.68   2.14   0.44   0.42   0.44   0.58   0.68   0.82
 0.25   1.31   3.30   2.61   2.18   2.50   0.45   2.19   5.62   4.41   3.68   4.09   0.07   0.47   1.10   0.91   0.75   0.97
   NA     NA     NA     NA     NA     NA     NA     NA     NA     NA     NA     NA     NA     NA     NA     NA     NA     NA
 0.02   0.02   0.02   0.02   0.20   0.24   0.02   0.02   0.02   0.02   0.20   0.26   0.03   0.03   0.03   0.03   0.20   0.22
   NA     NA     NA     NA     NA     NA     NA     NA     NA     NA     NA     NA     NA     NA     NA     NA     NA     NA
 0.55   0.50   0.53   0.57   0.82   1.46   0.91   0.85   0.97   1.03   1.35   2.72   0.20   0.16   0.10   0.11   0.31   0.24
 0.39   0.44   0.50   1.27   1.37   1.69   0.61   0.66   0.60   1.55   1.58   1.76   0.21   0.26   0.41   1.04   1.19   1.63
 0.56   1.06   0.70   3.90   2.99   2.72   0.84   1.60   1.03   6.01   4.71   4.33   0.30   0.54   0.38   1.80   1.26   1.08
   NA     NA     NA     NA     NA     NA     NA     NA     NA     NA     NA     NA     NA     NA     NA     NA     NA     NA
 0.12   0.13   0.18   1.00   0.75   0.63   0.21   0.23   0.33   1.67   1.27   1.09   0.03   0.04   0.06   0.40   0.28   0.24
 0.03   0.03   0.03   0.17   0.38   0.70   0.03   0.03   0.01   0.29   0.63   1.14   0.03   0.03   0.04   0.06   0.16   0.30
   NA     NA     NA     NA     NA     NA     NA     NA     NA     NA     NA     NA     NA     NA     NA     NA     NA     NA
 1.85   2.44   3.29   4.27   5.70   6.68   2.11   2.91   4.03   5.07   6.43   7.43   1.61   2.01   2.59   3.55   5.04   5.95
   NA     NA     NA     NA     NA     NA     NA     NA     NA     NA     NA     NA     NA     NA     NA     NA     NA     NA
 0.02   0.02   0.02   0.02   0.10   0.15   0.03   0.03   0.03   0.03   0.21   0.30   0.02   0.02   0.01   0.01   0.00   0.01
 0.38   0.31   0.28   0.28   0.27   0.31   0.47   0.38   0.36   0.39   0.35   0.43   0.30   0.24   0.20   0.17   0.19   0.21
   NA     NA     NA     NA     NA     NA     NA     NA     NA     NA     NA     NA     NA     NA     NA     NA     NA     NA
 0.70   0.61   0.59   0.57   0.55   0.54   0.89   0.76   0.76   0.76   0.74   0.73   0.52   0.47   0.43   0.40   0.37   0.35
 0.48   0.46   0.49   0.69   1.00   1.20   0.45   0.48   0.57   0.93   1.39   1.63   0.50   0.45   0.40   0.46   0.62   0.79
 1.86     NA   5.90     NA     NA     NA     NA     NA     NA     NA     NA     NA   1.43     NA   5.10     NA     NA     NA
 0.90   1.00   1.03   1.44   1.22   1.14   1.12   1.32   1.39   2.06   1.80   1.74   0.70   0.71   0.69   0.87   0.68   0.59
   NA     NA     NA     NA     NA     NA     NA     NA     NA     NA     NA     NA     NA     NA     NA     NA     NA     NA
 6.68   6.42   6.70   5.18   4.53   3.84   6.54   6.60   7.44   6.13   5.90   4.95   6.82   6.24   6.00   4.30   3.24   2.79
 0.14   0.13   0.23   0.34   0.58   1.14   0.21   0.21   0.41   0.60   1.04   2.11   0.06   0.04   0.06   0.09   0.13   0.20
 1.28   1.20   0.98   3.52   1.08   1.52   0.63   0.55   0.69   4.51   1.13   1.76   1.87   1.80   1.26   2.59   1.04   1.30
 0.25   0.22   0.21   0.17   0.10   0.13   0.39   0.31   0.26   0.15   0.00   0.00   0.13   0.13   0.16   0.19   0.26   0.32
 0.14   0.15   0.20   0.64   1.35   1.40   0.23   0.24   0.31   1.01   2.16   2.29   0.06   0.07   0.10   0.31   0.60   0.57
 0.84   1.36   1.88   3.19   4.80   6.62   1.43   2.05   2.90   4.68   7.12   9.66   0.24   0.64   0.95   1.69   2.50   3.61
 1.10   0.67   0.10   0.14   0.18   0.21   1.94   1.22   0.21   0.27   0.32   0.37   0.30   0.15   0.00   0.02   0.04   0.06
 0.21   0.26   0.37   0.53   0.87   1.55   0.43   0.51   0.68   0.93   1.43   2.44   0.04   0.06   0.10   0.19   0.37   0.74
 0.12   1.62   1.70   2.33   3.49   2.83   0.23   2.18   2.24   2.15   2.54   2.67   0.02   1.09   1.20   2.50   4.40   2.98
 0.23   0.07   0.00   0.07   0.14   0.25   0.29   0.13   0.00   0.11   0.22   0.38   0.16   0.01   0.00   0.03   0.07   0.12
   NA     NA     NA     NA     NA     NA     NA     NA     NA     NA     NA     NA     NA     NA     NA     NA     NA     NA
 4.71   9.05  18.59  15.57   9.40  10.96   2.04   3.49   7.79   4.89   4.04   4.97   6.64  13.07  26.70  24.58  13.72  16.01
17.50  15.68  18.11  14.09  13.72  14.07  14.84  13.19  15.27  11.60  11.12  11.23  20.20  18.14  20.87  16.48  16.19  16.75
 2.21   2.76   2.90   4.90   4.72   5.38   2.34   2.89   3.20   5.30   4.12   3.75   2.08   2.63   2.60   4.50   5.32   6.99
 1.86     NA   1.51     NA   3.23     NA     NA     NA     NA     NA     NA     NA   2.66     NA   2.06     NA   4.54     NA
 0.73   1.41   2.50   2.88   3.35   4.50   0.79   1.52   2.60   2.51   2.67   3.96   0.67   1.28   2.40   3.26   4.05   5.06
 2.00   2.17   2.58   3.18   2.87   3.49   2.31   2.23   2.28   2.87   2.38   2.76   1.70   2.11   2.87   3.47   3.32   4.13
   NA     NA     NA     NA     NA     NA     NA     NA     NA     NA     NA     NA     NA     NA     NA     NA     NA     NA
 1.03   1.02   1.09   1.43   2.15   1.93   0.73   0.59   0.64   0.80   1.23   0.88   1.32   1.46   1.54   2.06   3.09   2.97
 1.80   1.67   1.80   2.22   3.18   3.09   2.26   2.21   2.57   2.88   3.59   3.24   1.38   1.18   1.10   1.62   2.80   2.97
 1.56   1.96   2.45   3.80   4.33   7.60   1.54   1.94   2.59   3.80   3.99   6.90   1.58   1.98   2.32   3.80   4.66   8.30
 1.60   1.99   3.06   4.00   4.37   6.48   0.68   0.82   0.98   1.51   1.76   2.55   2.40   3.03   4.93   6.19   6.77  10.14
 1.50   2.42   3.70   2.69   1.70   2.84   1.60   3.28   5.67   2.96   0.00   0.94   1.40   1.59   1.82   2.43   3.31   4.63
 1.13   1.25   1.27   1.51   1.81   2.05   0.70   0.85   0.81   0.80   0.79   0.54   1.53   1.63   1.71   2.19   2.78   3.49
 4.10   7.36   8.40   9.64  11.80  12.05   4.10   7.36   8.62   8.82  11.32  10.32   4.10   7.36   8.16  10.50  12.30  13.86
 0.99     NA     NA     NA   1.98     NA     NA     NA     NA     NA     NA     NA   1.37     NA     NA     NA   2.91     NA
 1.72     NA     NA     NA   2.39     NA     NA     NA     NA     NA     NA     NA   2.19     NA     NA     NA   3.43     NA
 4.30   4.77   4.08   5.25   4.00   6.64   4.81   5.06   4.34   5.55   3.90   5.40   3.80   4.49   3.84   4.97   4.10   7.84
18.94  22.01  27.10  34.09  49.10  38.35  16.53  19.07  23.97  31.27  49.10  38.52  21.20  24.72  29.90  36.61  49.10  38.19
 5.19   6.19   7.50   7.81   9.17   9.66   5.01   5.62   6.49   5.99   7.15   7.01   5.38   6.76   8.50   9.58  11.11  12.17
 5.91   8.29   7.54   7.10   6.77   6.94   7.35  10.49   9.41   8.70   7.45   6.92   4.54   6.21   5.78   5.60   6.14   6.96
 4.48   3.79   3.70   2.24   2.74   3.34   4.34   3.61   3.40   1.67   1.97   2.06   4.61   3.96   4.00   2.80   3.51   4.61
11.00  10.26   9.99  10.42  11.56  12.02  11.65   9.08   6.29   6.80   8.85   8.35  10.40  11.36  13.39  13.74  14.05  15.41
 4.61   3.80   3.85   7.10   7.11   8.09   5.39   4.55   4.15   5.89   5.39   5.80   3.89   3.10   3.57   8.25   8.73  10.23
 2.63   3.08   3.10   5.30   7.90   6.29   2.70   3.01   3.09   4.79   7.09   4.87   2.56   3.16   3.11   5.80   8.70   7.69
 3.06   3.15   2.68   4.33   5.03   7.34   2.05   0.23   1.99   3.14   3.35   3.94   4.03   5.96   3.34   5.49   6.64  10.53
 2.59   3.10   4.50   5.10   6.77   6.29   3.32   3.85   5.25   5.27   6.37   5.44   1.92   2.40   3.80   4.93   7.16   7.14
 3.50   4.01   5.42   7.02  10.70  10.62   3.94   4.51   6.11   7.62  11.71  10.74   3.06   3.51   4.74   6.42   9.70  10.51
   NA     NA     NA     NA     NA     NA     NA     NA     NA     NA     NA     NA     NA     NA     NA     NA     NA     NA
 4.10   3.10   4.63   5.06   5.96   8.32   2.79   2.89   2.62   2.89   2.81   4.49   5.40   3.30   6.55   7.11   8.86  11.79
 2.20   2.92   4.58   6.10   9.17   9.10   2.39   2.86   3.79   4.58   6.88   6.09   2.00   2.99   5.37   7.63  11.46  12.11
 1.36   1.14   0.99   1.30   0.45   0.84   2.45   2.05   1.76   2.25   0.79   1.48   0.23   0.19   0.17   0.30   0.09   0.17
 2.60   3.02   4.49   8.21  12.47  14.94   3.29   3.91   5.92  11.47  14.92  16.63   1.65   2.08   2.59   3.85   7.72  11.52
 2.27   2.15   2.25   2.58   4.20   5.28   3.75   3.65   3.89   4.50   7.31   8.60   0.44   0.37   0.35   0.44   0.80   1.71
 3.25   3.20   2.97   2.10   4.29   5.43   5.10   4.99   4.54   3.13   6.45   8.10   1.46   1.47   1.45   1.10   2.20   2.87
   NA     NA     NA     NA     NA     NA     NA     NA     NA     NA     NA     NA     NA     NA     NA     NA     NA     NA
 9.80   9.80  11.50  15.50  17.30  21.44  13.38  13.66  15.72  19.05  19.95  23.39   6.22   6.10   7.40  11.80  14.40  19.41
 0.90   0.99   1.46   2.95   5.13   5.37   1.56   1.58   2.45   4.80   8.01   8.24   0.18   0.34   0.41   1.00   2.08   2.33
 0.50   1.27   2.30   3.27   4.90   5.67   0.80   1.99   3.41   4.70   6.90   7.53   0.20   0.56   1.23   1.90   3.00   3.89
 1.02   1.80   2.57   5.02   6.70  10.35   1.37   2.60   3.72   8.03  10.00  14.55   0.67   1.00   1.42   2.14   3.37   6.11
 0.44   0.83   2.19   4.07   4.75   6.37   0.69   1.37   3.68   6.75   7.62   9.80   0.19   0.28   0.68   1.36   1.85   2.88
13.61  14.06  15.27  15.98  18.00  17.98  15.24  15.39  16.89  17.51  20.01  19.73  11.98  12.76  13.69  14.51  16.09  16.34
10.06  11.20  11.05  12.86  13.55  14.31   8.17   9.07   8.77   9.99  10.46  10.81  11.78  13.16  13.15  15.52  16.41  17.54
 2.78   3.63   5.30   7.79   6.10   7.65   3.75   5.05   7.80  11.42   8.62  11.20   1.76   2.17   2.72   4.00   3.50   4.00
 5.80   7.76  10.11  14.16  18.70  23.44   9.41  11.92  14.61  19.20  24.74  27.35   2.60   3.95   5.89   9.33  12.90  19.73
 1.86   3.36   7.08  18.07  14.80  19.00   1.74   3.33   7.08  13.71  14.86  17.93   2.14   3.41   7.08  24.60  14.70  20.90
 2.40   3.99   3.96   7.28   9.80  11.98   3.80   6.00   4.60  10.13  16.56  15.27   0.90   1.89   3.30   4.35   3.00   8.74
 0.22   0.37   0.10   0.32   0.82   1.37   0.26   0.58   0.20   0.56   1.41   2.39   0.19   0.16   0.00   0.07   0.21   0.33
   NA     NA     NA     NA     NA     NA     NA     NA     NA     NA     NA     NA     NA     NA     NA     NA     NA     NA
 0.90   1.74   3.60   2.89   3.93   4.10   1.02   2.62   5.99   4.63   6.30   6.51   0.76   0.76   1.00   1.01   1.33   1.44
 4.48   5.06   6.00   6.93   7.99   8.65   5.81   6.50   7.48   8.54   9.61  10.58   3.23   3.69   4.54   5.34   6.38   6.79
   NA     NA     NA     NA     NA     NA     NA     NA     NA     NA     NA     NA     NA     NA     NA     NA     NA     NA
 7.55   6.88   7.00   6.92   5.00   8.34  10.63   9.83   9.87   9.13   6.18   8.85   3.88   3.65   3.99   4.64   3.80   7.83
 7.75   9.34  13.10  12.97  12.77  13.57  10.01  12.19  16.48  16.07  15.52  16.30   5.02   6.05   9.15   9.46   9.88  10.83
 0.88   1.50   2.10   3.46   5.40   7.03   1.32   2.26   3.26   5.45   8.22  10.27   0.42   0.72   0.93   1.47   2.56   3.77
 4.18   7.00   8.41   9.20  13.30  18.48   4.87  10.00  11.58  11.42  16.04  22.36   3.41   3.60   4.58   6.60  10.20  14.22
 1.62   1.71   1.46   1.87   2.30   3.22   2.56   2.59   2.12   2.55   2.92   3.64   0.69   0.86   0.83   1.23   1.70   2.82
   NA     NA     NA  10.30  11.15  12.56     NA     NA     NA  10.51  11.97  13.41     NA     NA     NA   9.60   8.05   9.35
 0.32   0.26   0.22   0.20   0.21   0.45   0.64   0.53   0.45   0.46   0.51   1.02   0.00   0.00   0.00   0.00   0.00   0.08
 1.99   3.60  15.50  15.71  16.49  17.15   2.76   4.47  21.83  21.18  21.28  21.28   1.39   2.91  10.38  11.23  12.54  13.70
11.73  12.93  15.07  13.70  17.32  18.25  12.51  13.77  15.53  15.46  17.71  18.62  11.02  12.17  14.65  12.10  16.97  17.91
 6.34   9.19  12.28  17.90  18.38  19.44   8.70  11.84  15.04  20.21  20.16  20.98   4.16   6.79   9.75  15.73  16.69  18.00
 8.99  10.50  11.97  14.07  14.86  15.67   8.30  11.15  13.61  17.03  17.99  18.68   9.64   9.89  10.42  11.28  11.94  12.87
 1.83   3.79   6.20  18.59  29.20  20.15   1.62   4.00   7.25  18.01  30.00  21.11   2.01   3.60   5.30  19.10  28.50  19.31
 2.80   3.97   5.03   6.42   8.30   9.61   3.03   3.54   4.45   5.23   7.86   8.93   2.60   4.36   5.55   7.50   8.70  10.23
 4.80   6.87   8.23   6.75   7.58   8.44   5.90   8.26   9.58   6.76   7.50   8.25   3.91   5.73   7.09   6.75   7.64   8.61
 3.31   4.34   5.34   8.36  13.60  14.18   3.85   4.89   5.54   8.56  14.15  15.00   2.81   3.86   5.17   8.18  13.10  13.43
 2.56   3.11   4.25  13.23  23.60  30.40   2.86   3.53   4.41  22.46  28.14  30.25   2.30   2.74   4.11   5.09  19.60  30.53
 4.24   6.07   8.43  11.26  13.86  15.71   3.56   5.86   8.59  11.90  14.45  16.65   4.94   6.28   8.27  10.65  13.30  14.79
12.02  11.56  11.86  12.42  17.23  18.80  10.19  10.01  10.79  11.69  16.21  17.50  13.81  13.09  12.92  13.12  18.23  20.06
 5.20   6.15   7.16   7.89  11.20  11.40   5.97   7.11   8.31   8.98  12.76  12.41   4.50   5.27   6.12   6.91   9.80  10.50
   NA     NA     NA     NA     NA     NA     NA     NA     NA     NA     NA     NA     NA     NA     NA     NA     NA     NA
 7.72   8.10   8.04   8.36  10.44  13.88   9.62  10.20  10.29  10.35  12.22  16.21   6.13   6.38   6.19   6.64   8.86  11.74
 3.00   4.45   9.10  10.92  12.45  13.90   3.95   5.05   9.52  10.40  11.29  12.24   2.10   3.88   8.70  11.41  13.55  15.46
 6.62   8.86  14.40  27.00  26.20  26.34   6.69   8.36  14.61  29.74  28.74  26.06   6.54   9.33  14.20  24.40  23.80  26.61
 9.30   7.19   8.15  10.02  13.35  14.60  10.23   8.27   9.65  11.03  14.95  16.08   8.50   6.25   6.85   9.14  11.93  13.27
 1.52   1.43   0.87   2.67   4.55   6.24   2.00   1.82   1.10   3.58   5.28   7.10   1.10   1.11   0.68   1.95   3.93   5.50
 1.53   2.02   2.60   3.86   5.70   8.70   2.00   2.68   3.50   5.10   7.47  11.01   1.11   1.43   1.80   2.75   4.10   6.60
17.85  21.67  27.10  24.09  35.70  29.78  18.94  24.46  30.82  22.48  37.28  31.06  16.81  18.98  23.50  25.64  34.20  28.57
 9.55  10.82  18.30  14.44  42.50  35.18   9.96  11.88  18.08  14.32  46.05  37.68   9.17   9.88  18.50  14.54  39.30  32.90
 1.99   2.47   2.74   3.16   3.77   4.95   2.91   3.59   3.91   4.38   5.15   6.60   1.10   1.35   1.53   1.90   2.41   3.20
 2.30   4.54   6.60   8.37   9.87  11.45   1.73   2.99   4.35   5.70   6.87   8.18   2.80   5.91   8.59  10.76  12.55  14.39
 3.70   4.45   6.03   7.71   9.21  10.83   5.52   6.52   8.78  11.00  12.32  13.67   2.10   2.59   3.55   4.71   6.37   8.19
25.59  24.77  20.91  20.72  21.36  22.11  26.11  25.36  16.86  17.09  18.16  19.37  25.07  24.19  24.90  24.27  24.43  24.74
 1.87  12.74   2.95   3.90   7.65  11.36   2.01  16.49   3.88   5.37   9.72  12.52   1.71   8.69   1.97   2.40   5.56  10.19
25.05  23.51  23.74  24.72  26.60  24.14  25.19  23.43  24.80  25.07  24.18  23.91  24.91  23.60  22.72  24.40  28.90  24.36
 1.12   0.93   0.84   0.95   1.48   1.81   1.79   1.53   1.51   1.69   2.86   3.01   0.37   0.26   0.09   0.13   0.00   0.52
   NA     NA     NA   1.40     NA     NA     NA     NA     NA     NA     NA     NA     NA     NA     NA   0.65     NA     NA
   NA     NA     NA     NA     NA     NA     NA     NA     NA     NA     NA     NA     NA     NA     NA     NA     NA     NA
   NA     NA     NA     NA     NA     NA     NA     NA     NA     NA     NA     NA     NA     NA     NA     NA     NA     NA
   NA   5.50   9.10   6.30  10.91     NA     NA     NA     NA     NA     NA     NA     NA   1.50   7.17   5.50  11.87     NA

