 0.102   0.099   0.118   0.168   0.258   0.438   0.141   0.132   0.215   0.276   0.415   0.671   0.063   0.067   0.036   0.074   0.119   0.235
    NA      NA      NA      NA      NA      NA      NA      NA      NA      NA      NA      NA      NA      NA      NA      NA      NA      NA
 0.068   0.065   0.068   0.079   0.108   0.158   0.103   0.101   0.105   0.119   0.162   0.238   0.034   0.031   0.033   0.042   0.057   0.082
 0.090   0.094   0.114   0.138   0.183   0.261   0.128   0.136   0.164   0.193   0.255   0.305   0.061   0.064   0.079   0.098   0.125   0.227
    NA      NA      NA      NA      NA      NA      NA      NA      NA      NA      NA      NA      NA      NA      NA      NA      NA      NA
    NA      NA      NA      NA      NA      NA      NA      NA      NA      NA      NA      NA      NA      NA      NA      NA      NA      NA
 0.304   0.257   0.229   0.233   0.258   0.333   0.520   0.439   0.388   0.393   0.411   0.510   0.103   0.089   0.082   0.085   0.115   0.166
    NA      NA      NA      NA      NA      NA      NA      NA      NA      NA      NA      NA      NA      NA      NA      NA      NA      NA
 0.107   0.091   0.084   0.086   0.108   0.163   0.208   0.176   0.161   0.159   0.190   0.285   0.019   0.017   0.016   0.022   0.036   0.056
    NA      NA      NA      NA      NA      NA      NA      NA      NA      NA      NA      NA      NA      NA      NA      NA      NA      NA
    NA      NA      NA      NA      NA      NA      NA      NA      NA      NA      NA      NA      NA      NA      NA      NA      NA      NA
 0.622   0.528   0.470   0.480   0.584   1.026   0.882   0.748   0.663   0.694   0.846   1.464   0.384   0.324   0.293   0.285   0.343   0.627
    NA      NA      NA   0.458      NA      NA      NA      NA      NA   0.707      NA      NA      NA      NA      NA   0.214      NA      NA
    NA      NA      NA      NA      NA      NA      NA      NA      NA      NA      NA      NA      NA      NA      NA      NA      NA      NA
    NA      NA      NA      NA      NA      NA      NA      NA      NA      NA      NA      NA      NA      NA      NA      NA      NA      NA
 0.209   0.190   0.186   0.214   0.246   0.303   0.326   0.295   0.281   0.314   0.361   0.451   0.099   0.091   0.095   0.119   0.138   0.163
 0.110   0.337   0.808   0.755   0.728   0.927   0.186   0.551   1.307   1.189   1.134   1.360   0.039   0.135   0.336   0.344   0.342   0.515
    NA      NA      NA      NA      NA      NA      NA      NA      NA      NA      NA      NA      NA      NA      NA      NA      NA      NA
 0.020   0.018   0.016   0.014   0.051   0.069   0.021   0.018   0.016   0.014   0.051   0.070   0.020   0.018   0.016   0.014   0.051   0.069
    NA      NA      NA      NA      NA      NA      NA      NA      NA      NA      NA      NA      NA      NA      NA      NA      NA      NA
 0.109   0.098   0.160   0.117   0.394   0.275   0.158   0.136   0.254   0.155   0.623   0.380   0.060   0.061   0.068   0.079   0.172   0.172
 0.054   0.062   0.071   0.168   0.184   0.240   0.088   0.097   0.093   0.209   0.218   0.253   0.026   0.032   0.053   0.134   0.156   0.230
 0.128   0.181   0.120   0.432   0.412   0.453   0.196   0.278   0.181   0.668   0.640   0.700   0.063   0.087   0.059   0.198   0.182   0.202
    NA      NA      NA      NA      NA      NA      NA      NA      NA      NA      NA      NA      NA      NA      NA      NA      NA      NA
 0.013   0.013   0.018   0.097   0.092   0.098   0.024   0.024   0.032   0.164   0.157   0.165   0.003   0.003   0.005   0.037   0.035   0.040
 0.011   0.009   0.008   0.017   0.035   0.057   0.016   0.013   0.010   0.029   0.059   0.094   0.007   0.006   0.006   0.007   0.013   0.023
    NA      NA      NA      NA      NA      NA      NA      NA      NA      NA      NA      NA      NA      NA      NA      NA      NA      NA
 0.279   0.341   0.440   0.595   0.837   0.925   0.342   0.432   0.573   0.764   1.040   1.106   0.220   0.257   0.315   0.442   0.659   0.748
    NA      NA      NA      NA      NA      NA      NA      NA      NA      NA      NA      NA      NA      NA      NA      NA      NA      NA
 0.008   0.007   0.008   0.011   0.032   0.049   0.012   0.011   0.012   0.019   0.058   0.080   0.004   0.004   0.004   0.004   0.007   0.020
 0.081   0.065   0.057   0.055   0.054   0.065   0.113   0.092   0.082   0.084   0.077   0.094   0.051   0.041   0.034   0.029   0.033   0.037
    NA      NA      NA      NA      NA      NA      NA      NA      NA      NA      NA      NA      NA      NA      NA      NA      NA      NA
 0.126   0.108   0.102   0.097   0.095   0.092   0.174   0.145   0.140   0.137   0.135   0.134   0.081   0.072   0.065   0.060   0.056   0.053
 0.127   0.123   0.131   0.177   0.248   0.309   0.125   0.132   0.160   0.242   0.356   0.444   0.128   0.114   0.103   0.113   0.142   0.177
 0.263      NA   0.729      NA      NA      NA      NA      NA      NA      NA      NA      NA   0.190      NA   0.651      NA      NA      NA
 0.139   0.190   0.239   0.399   0.403   0.437   0.197   0.267   0.331   0.550   0.560   0.611   0.086   0.119   0.154   0.258   0.257   0.276
    NA      NA      NA      NA      NA      NA      NA      NA      NA      NA      NA      NA      NA      NA      NA      NA      NA      NA
 0.847   0.881   1.038   0.935   0.863   0.879   0.846   0.906   1.101   0.988   0.907   0.956   0.848   0.858   0.977   0.886   0.822   0.805
 0.029   0.033   0.061   0.097   0.159   0.282   0.049   0.057   0.107   0.163   0.255   0.448   0.010   0.010   0.017   0.034   0.066   0.120
 0.145   0.132   0.126   0.314   0.198   0.318   0.141   0.130   0.133   0.395   0.223   0.361   0.150   0.134   0.120   0.238   0.175   0.279
 0.274   0.224   0.194   0.170   0.160   0.154   0.424   0.344   0.295   0.257   0.237   0.224   0.138   0.114   0.100   0.088   0.089   0.090
 0.037   0.038   0.049   0.194   0.480   0.557   0.065   0.065   0.081   0.311   0.757   0.881   0.011   0.013   0.019   0.086   0.221   0.254
 0.125   0.173   0.229   0.360   0.519   0.727   0.219   0.274   0.371   0.540   0.779   1.063   0.031   0.067   0.098   0.177   0.261   0.393
 0.109   0.086   0.044   0.057   0.067   0.075   0.189   0.153   0.084   0.087   0.105   0.117   0.033   0.023   0.006   0.027   0.032   0.036
 0.024   0.031   0.045   0.071   0.123   0.209   0.049   0.061   0.085   0.128   0.212   0.341   0.004   0.006   0.011   0.022   0.044   0.090
 0.073   0.243   0.218   0.345   0.606   0.614   0.120   0.376   0.334   0.420   0.587   0.664   0.030   0.119   0.110   0.274   0.624   0.568
 0.127   0.080   0.112   0.141   0.180   0.231   0.191   0.145   0.194   0.220   0.257   0.310   0.064   0.017   0.032   0.065   0.106   0.155
    NA      NA      NA      NA      NA      NA      NA      NA      NA      NA      NA      NA      NA      NA      NA      NA      NA      NA
 0.999   1.891   3.849   3.301   2.161   2.654   1.012   1.812   3.685   2.833   2.158   2.605   0.990   1.948   3.972   3.697   2.163   2.695
 2.448   2.573   2.805   3.375   3.760   3.868   2.309   2.478   2.733   3.363   3.764   3.868   2.589   2.667   2.875   3.386   3.756   3.867
 0.367   0.438   0.441   0.724   0.843   1.071   0.388   0.453   0.462   0.758   0.863   1.063   0.347   0.424   0.420   0.690   0.823   1.079
 0.325      NA   0.320      NA   0.631      NA      NA      NA      NA      NA      NA      NA   0.335      NA   0.287      NA   0.625      NA
 0.131   0.242   0.456   0.499   0.610   0.832   0.162   0.287   0.514   0.534   0.636   0.903   0.099   0.195   0.396   0.463   0.584   0.759
 0.228   0.257   0.314   0.405   0.431   0.513   0.271   0.287   0.305   0.430   0.453   0.543   0.186   0.229   0.323   0.381   0.412   0.486
    NA      NA      NA      NA      NA      NA      NA      NA      NA      NA      NA      NA      NA      NA      NA      NA      NA      NA
 0.150   0.160   0.184   0.236   0.375   0.411   0.166   0.174   0.212   0.261   0.412   0.454   0.134   0.146   0.157   0.210   0.338   0.367
 0.212   0.194   0.207   0.265   0.392   0.392   0.256   0.253   0.282   0.347   0.475   0.462   0.171   0.141   0.139   0.190   0.317   0.328
 0.166   0.192   0.217   0.285   0.414   0.674   0.192   0.221   0.260   0.319   0.442   0.691   0.141   0.164   0.174   0.252   0.386   0.657
 0.284   0.365   0.549   0.737   0.818   1.204   0.271   0.338   0.466   0.646   0.711   1.032   0.294   0.389   0.625   0.817   0.916   1.364
 0.258   0.342   0.501   0.538   0.588   0.816   0.315   0.484   0.790   0.795   0.783   1.032   0.204   0.207   0.226   0.293   0.403   0.611
 0.165   0.184   0.204   0.284   0.394   0.544   0.190   0.219   0.240   0.324   0.436   0.571   0.141   0.152   0.170   0.247   0.355   0.517
 0.741   0.899   1.026   1.228   1.563   1.792   0.783   0.892   1.082   1.187   1.569   1.717   0.696   0.906   0.966   1.272   1.557   1.871
 0.125      NA      NA      NA   0.284      NA      NA      NA      NA      NA      NA      NA   0.119      NA      NA      NA   0.278      NA
 0.205      NA      NA      NA   0.335      NA      NA      NA      NA      NA      NA      NA   0.187      NA      NA      NA   0.331      NA
 0.890   0.859   0.796   1.107   1.468   1.748   0.965   0.938   0.887   1.220   1.496   1.817   0.817   0.782   0.709   0.998   1.440   1.681
 2.872   3.206   3.672   4.211   5.106   4.899   2.790   3.154   3.722   4.227   5.106   4.906   2.949   3.253   3.627   4.198   5.106   4.892
 0.602   0.703   0.809   0.919   1.100   1.267   0.690   0.785   0.886   0.936   1.085   1.220   0.511   0.620   0.733   0.902   1.115   1.312
 0.976   1.316   1.192   1.158   1.184   1.274   1.245   1.683   1.515   1.473   1.480   1.567   0.719   0.969   0.887   0.862   0.907   1.002
 0.700   0.594   0.635   0.596   0.708   0.880   0.796   0.674   0.713   0.645   0.737   0.861   0.605   0.515   0.558   0.548   0.680   0.898
 1.128   1.132   1.194   1.339   1.586   1.711   1.215   1.126   1.027   1.222   1.583   1.658   1.047   1.138   1.347   1.445   1.589   1.759
 0.624   0.568   0.578   1.076   1.126   1.316   0.762   0.695   0.705   1.143   1.183   1.351   0.495   0.450   0.459   1.013   1.072   1.283
 0.376   0.440   0.429   0.687   1.173   1.405   0.453   0.512   0.512   0.745   1.240   1.533   0.302   0.369   0.347   0.630   1.107   1.280
 0.396   0.415   0.380   0.598   0.710   1.003   0.415   0.276   0.440   0.676   0.779   0.996   0.378   0.549   0.321   0.523   0.643   1.009
 0.357   0.419   0.570   0.669   0.887   0.911   0.485   0.548   0.696   0.768   0.967   0.963   0.238   0.299   0.453   0.575   0.809   0.859
 0.491   0.562   0.735   0.950   1.361   1.484   0.615   0.699   0.901   1.129   1.597   1.719   0.368   0.427   0.572   0.772   1.128   1.251
    NA      NA      NA      NA      NA      NA      NA      NA      NA      NA      NA      NA      NA      NA      NA      NA      NA      NA
 0.685   0.722   0.874   1.175   1.386   1.850   0.713   0.765   0.878   1.134   1.308   1.756   0.658   0.680   0.871   1.214   1.457   1.936
 0.278   0.372   0.555   0.801   1.202   1.346   0.369   0.462   0.625   0.850   1.243   1.361   0.185   0.281   0.484   0.752   1.161   1.331
 0.337   0.275   0.230   0.213   0.241   0.262   0.549   0.447   0.374   0.344   0.425   0.457   0.118   0.095   0.079   0.075   0.048   0.056
 0.290   0.292   0.426   0.629   0.879   1.047   0.361   0.376   0.557   0.853   1.030   1.144   0.192   0.204   0.252   0.331   0.586   0.851
 0.238   0.227   0.238   0.282   0.460   0.568   0.394   0.385   0.411   0.488   0.755   0.911   0.046   0.039   0.038   0.051   0.138   0.200
 0.315   0.311   0.304   0.290   0.437   0.593   0.479   0.469   0.445   0.429   0.617   0.827   0.157   0.159   0.167   0.155   0.261   0.369
    NA      NA      NA      NA      NA      NA      NA      NA      NA      NA      NA      NA      NA      NA      NA      NA      NA      NA
 1.547   1.494   1.598   1.846   2.368   2.876   2.129   2.119   2.206   2.369   2.839   3.303   0.965   0.895   1.007   1.301   1.853   2.429
 0.099   0.142   0.227   0.446   0.715   0.812   0.170   0.223   0.375   0.713   1.082   1.199   0.024   0.055   0.069   0.163   0.326   0.401
 0.078   0.148   0.252   0.345   0.483   0.582   0.126   0.232   0.372   0.496   0.672   0.783   0.030   0.065   0.136   0.201   0.303   0.390
 0.119   0.210   0.281   0.510   0.691   1.013   0.172   0.318   0.417   0.811   1.017   1.403   0.066   0.102   0.145   0.223   0.363   0.619
 0.071   0.113   0.257   0.449   0.574   0.764   0.115   0.180   0.415   0.723   0.881   1.130   0.026   0.044   0.097   0.172   0.263   0.391
 1.226   1.313   1.523   1.680   2.022   2.059   1.416   1.476   1.690   1.837   2.199   2.187   1.038   1.154   1.362   1.531   1.854   1.938
 1.607   1.727   1.652   1.969   2.467   2.650   1.797   1.910   1.815   2.121   2.605   2.790   1.434   1.560   1.502   1.828   2.340   2.520
 0.326   0.460   0.576   0.817   0.966   1.336   0.473   0.675   0.821   1.205   1.382   1.826   0.173   0.238   0.323   0.413   0.537   0.835
 0.657   0.974   1.293   1.700   2.202   2.764   1.104   1.526   1.922   2.369   2.918   3.412   0.261   0.470   0.705   1.060   1.515   2.149
 0.334   0.584   1.215   3.051   2.376   2.964   0.358   0.641   1.355   2.769   2.523   2.928   0.278   0.458   0.967   3.472   2.116   3.028
 0.441   0.571   0.711   0.891   1.138   1.386   0.702   0.843   0.877   1.255   1.763   1.843   0.161   0.286   0.539   0.517   0.508   0.936
 0.015   0.025   0.009   0.029   0.068   0.111   0.016   0.037   0.018   0.050   0.114   0.186   0.015   0.013   0.000   0.009   0.021   0.034
    NA      NA      NA      NA      NA      NA      NA      NA      NA      NA      NA      NA      NA      NA      NA      NA      NA      NA
 0.159   0.357   0.675   0.670   0.737   0.771   0.161   0.512   1.064   1.039   1.146   1.189   0.156   0.185   0.252   0.271   0.286   0.313
 0.550   0.651   0.788   0.943   1.146   1.296   0.657   0.759   0.898   1.049   1.229   1.386   0.449   0.547   0.679   0.837   1.064   1.209
    NA      NA      NA      NA      NA      NA      NA      NA      NA      NA      NA      NA      NA      NA      NA      NA      NA      NA
 1.063   0.992   1.096   1.127   0.888   1.258   1.422   1.359   1.479   1.427   1.077   1.405   0.635   0.590   0.696   0.817   0.696   1.108
 1.024   1.246   1.768   1.748   1.717   1.844   1.254   1.537   2.089   2.022   1.927   2.027   0.746   0.910   1.391   1.438   1.497   1.660
 0.110   0.195   0.270   0.481   0.777   1.107   0.173   0.303   0.427   0.761   1.182   1.612   0.045   0.085   0.112   0.200   0.369   0.599
 0.678   0.921   1.105   1.218   1.656   2.199   0.898   1.360   1.584   1.629   2.091   2.808   0.433   0.423   0.528   0.738   1.164   1.529
 0.232   0.258   0.242   0.332   0.447   0.642   0.357   0.382   0.346   0.451   0.575   0.783   0.108   0.137   0.142   0.219   0.324   0.505
    NA      NA      NA   1.074   1.065   1.175      NA      NA      NA   1.126   1.148   1.247      NA      NA      NA   0.900   0.752   0.907
 0.044   0.036   0.030   0.027   0.033   0.065   0.087   0.072   0.062   0.062   0.077   0.148   0.000   0.000   0.000   0.000   0.001   0.011
 0.482   0.766   2.441   2.562   2.645   2.954   0.758   1.087   3.479   3.521   3.476   3.722   0.265   0.510   1.602   1.776   1.960   2.313
 1.405   1.554   1.652   1.969   2.263   2.480   1.551   1.724   1.795   2.161   2.434   2.661   1.270   1.398   1.522   1.794   2.108   2.315
 0.664   0.999   1.355   2.100   2.090   2.162   0.924   1.281   1.640   2.345   2.266   2.308   0.425   0.743   1.094   1.870   1.923   2.024
 1.204   1.283   1.376   1.534   1.652   1.757   1.092   1.280   1.460   1.732   1.873   1.970   1.310   1.286   1.296   1.348   1.444   1.559
 0.240   0.390   0.636   0.948   1.349   1.175   0.225   0.382   0.654   0.946   1.403   1.266   0.254   0.397   0.621   0.949   1.301   1.095
 0.531   0.699   0.836   1.167   1.732   2.080   0.602   0.749   0.878   1.210   1.933   2.247   0.468   0.655   0.799   1.128   1.550   1.930
 0.391   0.551   0.669   0.667   0.778   0.867   0.476   0.670   0.806   0.776   0.894   0.991   0.323   0.451   0.554   0.575   0.679   0.760
 0.486   0.598   0.712   1.010   1.455   1.669   0.649   0.779   0.886   1.220   1.728   1.971   0.339   0.437   0.557   0.821   1.206   1.393
 0.357   0.408   0.571   1.376   2.934   2.926   0.478   0.537   0.697   2.293   3.053   3.058   0.250   0.295   0.459   0.568   2.829   2.811
 0.723   0.951   1.247   1.612   2.010   2.365   0.784   1.079   1.430   1.872   2.281   2.651   0.661   0.822   1.072   1.366   1.751   2.083
 1.440   1.418   1.454   1.576   2.185   2.444   1.282   1.301   1.385   1.567   2.136   2.385   1.595   1.533   1.521   1.585   2.233   2.502
 0.845   0.960   1.091   1.307   1.764   2.028   1.046   1.184   1.332   1.579   2.087   2.352   0.662   0.756   0.873   1.062   1.475   1.738
    NA      NA      NA      NA      NA      NA      NA      NA      NA      NA      NA      NA      NA      NA      NA      NA      NA      NA
 0.726   0.737   0.752   0.800   0.971   1.228   0.942   0.962   0.990   1.019   1.172   1.460   0.545   0.555   0.555   0.610   0.792   1.016
 0.501   0.723   2.079   2.226   2.423   2.663   0.634   0.884   2.340   2.494   2.703   2.935   0.375   0.570   1.830   1.971   2.157   2.407
 0.739   0.915   1.539   4.002   4.086   4.103   0.879   1.026   1.767   4.151   4.254   4.180   0.604   0.810   1.323   3.861   3.927   4.031
 0.646   0.671   0.793   0.949   1.173   1.331   0.793   0.815   0.963   1.089   1.361   1.495   0.520   0.547   0.645   0.827   1.007   1.185
 0.282   0.278   0.187   0.510   0.861   1.158   0.402   0.383   0.260   0.694   1.055   1.356   0.180   0.190   0.129   0.362   0.698   0.986
 0.305   0.439   0.633   0.864   1.352   1.633   0.419   0.598   0.847   1.147   1.626   1.913   0.205   0.299   0.442   0.611   1.104   1.378
 2.226   2.425   2.715   2.727   3.796   3.677   2.301   2.629   2.945   2.664   3.977   3.815   2.153   2.228   2.492   2.788   3.624   3.547
 1.504   1.543   1.378   1.337   3.564   3.381   1.714   1.818   1.516   1.453   4.030   3.834   1.313   1.297   1.252   1.232   3.144   2.970
 0.234   0.311   0.369   0.422   0.590   0.736   0.347   0.469   0.546   0.609   0.850   1.023   0.123   0.155   0.189   0.228   0.333   0.433
 0.912   1.097   1.310   1.888   2.052   2.250   0.847   1.036   1.258   1.920   2.088   2.292   0.969   1.151   1.356   1.860   2.020   2.213
 0.314   0.415   0.583   0.763   0.924   1.119   0.478   0.620   0.862   1.088   1.239   1.419   0.170   0.233   0.331   0.466   0.635   0.840
 2.464   2.446   2.942   2.888   2.947   3.046   2.521   2.541   3.119   3.061   2.741   2.876   2.407   2.353   2.768   2.720   3.145   3.210
 0.404   1.191   0.383   0.422   0.663   0.905   0.443   1.424   0.466   0.534   0.826   1.032   0.358   0.940   0.297   0.308   0.498   0.778
 2.260   2.190   2.271   3.051   3.602   3.513   2.320   2.250   2.442   3.235   3.672   3.647   2.201   2.132   2.108   2.875   3.536   3.387
 0.113   0.093   0.083   0.095   0.160   0.199   0.154   0.128   0.133   0.136   0.267   0.304   0.067   0.054   0.026   0.048   0.045   0.087
    NA      NA      NA   0.197      NA      NA      NA      NA      NA      NA      NA      NA      NA      NA      NA   0.109      NA      NA
    NA      NA      NA      NA      NA      NA      NA      NA      NA      NA      NA      NA      NA      NA      NA      NA      NA      NA
    NA      NA      NA      NA      NA      NA      NA      NA      NA      NA      NA      NA      NA      NA      NA      NA      NA      NA
    NA   1.044   1.473   1.455   1.683      NA      NA      NA      NA      NA      NA      NA      NA   0.771   1.271   1.341   1.712      NA

