 34.8   37.4   38.3   44.0   39.8   40.9   35.3      NA  27.4   20.6   20.0   21.1   25.9   22.8     6      7      2
    NA     NA     NA     NA     NA     NA     NA     NA     NA     NA     NA     NA     NA     NA   NA     NA     NA
    NA     NA     NA     NA     NA     NA     NA     NA     NA     NA     NA     NA     NA     NA    7      6      3
 33.8   32.8   31.5   40.0   36.5   33.1   32.3   11.6    8.8   11.6   20.1   14.7   16.6   18.4     7      5      3
    NA  73.8   47.3   74.1   44.5   47.1   54.5      NA  18.5   19.8   36.7   22.6   19.8   24.9    NA     NA     NA
    NA     NA  35.7   40.4   36.7   30.8   36.6      NA     NA  14.9   15.0   13.2   18.6   16.6    NA     NA     NA
 49.0   45.9      NA  45.4   47.7   50.4   51.2      NA  27.7      NA  26.4   23.7   29.9   28.0     6      7      4
    NA     NA     NA     NA     NA     NA     NA     NA     NA     NA     NA     NA     NA     NA   NA     NA     NA
    NA  92.3   58.1   55.8   63.7   66.5   59.6      NA  26.7   29.7   15.6   21.8   40.1   62.4     6      7      4
    NA  67.7      NA  95.2   64.5   84.8      NA     NA  16.4   22.9   27.8   23.6      NA     NA   NA     NA     NA
    NA     NA     NA     NA     NA     NA     NA     NA     NA     NA     NA     NA     NA     NA   NA     NA     NA
    NA  99.2   52.7   59.9   61.9   58.7   54.4      NA  21.0   20.1   27.4   33.0   42.3   36.7     6      7      4
 29.3   38.3   39.3   39.5   37.9   34.8   32.9   22.1   16.6   16.2   20.2   24.8   26.7   23.9     6      6      3
    NA  35.5   37.0   41.5   48.5   44.1   63.9      NA  24.8      NA  28.3    3.1   34.5   42.9    NA     NA     NA
    NA  87.6      NA  38.9   45.5   48.3   45.1      NA  30.2      NA  17.1   19.5   22.2   18.5    NA     NA     NA
 27.2      NA  30.8      NA  27.5   26.0   24.0   12.1      NA  19.1   18.6   19.9   19.1   15.6     6      7      5
 30.2   28.7   28.2   29.3   29.4   30.0   28.6   13.4      NA     NA     NA  17.0   22.1   21.8     6      8      4
    NA     NA     NA     NA     NA     NA     NA     NA     NA     NA     NA     NA     NA     NA   NA     NA     NA
    NA  31.4   39.2   30.2   45.4   37.9   22.9      NA  15.4   12.7   18.9   18.1   10.1   10.3     4      7      5
    NA  65.8   40.7   47.3   45.0   43.8   39.0      NA  25.8      NA  21.2   21.3   31.5   37.4    NA     NA     NA
 45.4   42.2   42.0   33.0   34.2   33.4   38.3   14.2   12.3   16.0   21.7   20.6   24.8   25.1     7      6      4
 48.1   51.0   54.0   59.7   46.3   52.5   52.5   19.9   12.9   19.5   20.5   22.3   22.2   19.2     7      5      3
 26.7   31.2   32.4   31.8   35.5   41.2   25.0      NA  13.5   14.2   20.3   16.5      NA  45.8     6      6      3
 69.0  115.3   69.9   70.9   65.0   60.5   43.6      NA  25.6   26.7   22.9   19.8   25.9      NA   NA     NA     NA
 81.4   42.3   40.9   38.9   40.1   40.6   41.4   47.3   16.1   13.7   16.7   16.6   17.9   20.9     8      5    2.5
    NA  43.0   44.6   40.8   40.1   40.6   41.4   49.5   26.7   20.5    9.2   15.4   18.9   23.5     9      3    1.5
    NA  25.8   20.0   19.5   24.0   35.1   42.3      NA  64.0   16.8   20.5   23.0   23.4   31.3    NA     NA     NA
 41.2   34.8   36.2   33.5   31.8   26.0   20.0    9.3   19.9   22.0   22.2   25.2   29.9   26.3     6      5    2.5
 26.1   38.9   42.4   38.4   34.1   41.4   38.1   23.8   19.3      NA  19.0   20.4   23.9   21.0    NA     NA     NA
117.0   92.5   95.3   76.7   68.8   84.7   81.0   28.6   19.2   21.5   15.7   16.7      NA  31.8     4      7    3.5
    NA  40.1      NA  41.7   38.9   39.3   42.6      NA  20.7      NA  10.8   20.2   22.7   28.3     6      7      4
 24.5      NA  30.2   33.4   34.0   34.8   37.1   15.5   17.2   19.1   17.8   21.2   44.7   28.7    NA     NA     NA
 35.5   43.4   38.8   62.5   59.7   50.1   59.2   15.4   18.3   14.2   10.7   13.3   16.0   12.0     6      6      3
    NA  50.1      NA  42.6   45.2   41.2   45.7      NA  32.5      NA     NA  29.0      NA  22.2     6      7      4
    NA     NA     NA     NA     NA     NA     NA     NA     NA     NA     NA     NA     NA     NA    6      6      3
 36.7   31.0   35.7   31.8   32.3   32.3   27.8   18.7   17.0   16.6   19.4   20.4   19.4   22.4     7      7      5
 25.6   21.9   28.5   25.7   33.2   56.8   33.5   11.2   13.2   19.6   16.5   24.3   20.8   21.0    NA     NA     NA
    NA  33.4   32.1      NA     NA     NA     NA     NA     NA     NA     NA     NA     NA     NA    7      5    2.5
    NA  49.9   41.1   47.6   46.5   36.6   33.6      NA  13.3   20.0   17.3   16.6   21.4   20.4     4      8      4
 36.2   33.9   36.6   36.0   40.5   37.9   34.2    8.5      NA  13.1   13.6   18.6   22.0   18.0     8      4      2
 41.8   53.4   45.3   52.3   46.8   53.5   41.4   14.3   16.5   19.6   18.8   18.4   19.3   19.3     7      6      4
    NA 109.0   63.1   50.3   58.5   59.7   55.1      NA     NA     NA  26.1   25.0   39.4   30.9     6      7      4
 34.2      NA  61.1   57.1   47.5   40.0   38.4   15.0      NA     NA  18.0   27.8   23.0   20.5     6      6      3
 29.1   31.2   30.7   32.3   33.5   33.9   33.6   17.6   23.0   20.4      NA  19.8   21.3   21.6     6      5      2
 24.8   29.1   39.9   37.3   42.5      NA  41.5   13.5   28.4   30.4   17.6      NA     NA  49.5     6      6      2
    NA  42.1   50.5   51.0   46.8   48.2   48.5      NA  14.4   13.5   19.2   21.3   22.8   22.1     8      6      4
 33.5   35.5   37.7      NA     NA  40.7   43.7   13.1   15.7      NA     NA  32.1   18.5   19.8     5      6      4
    NA     NA     NA     NA     NA     NA     NA     NA     NA     NA     NA     NA     NA     NA   NA     NA     NA
 31.8      NA  40.4   31.6      NA     NA  26.6   47.4      NA  28.8   12.4      NA  20.4   23.4     6      8      5
 29.5   27.1   26.2   26.5   23.3   20.5   12.6   24.5   20.2   23.8   20.7   16.8   17.9   16.7     6      6      3
 28.4   26.6   25.9   27.8   29.8   29.1   27.7      NA  18.7   21.5   22.7   16.5   22.6   19.0     6      5      3
    NA     NA     NA     NA     NA     NA     NA     NA     NA     NA     NA     NA     NA     NA    6      8      3
    NA     NA  57.7   47.7   55.4   50.8   46.7      NA     NA  39.5   23.8   27.0      NA  36.8     6      6      2
 30.0   32.9   37.0   34.5   35.9   53.3   48.0      NA     NA     NA  17.6   25.0   18.0   23.7     6      6      3
 32.8      NA  41.3   41.2   37.9      NA  23.3   21.3      NA  23.8   22.4   25.3      NA  24.6    NA     NA     NA
 21.8   26.4   30.5   34.3   36.0   34.6   33.8    6.7    8.6    6.8    8.1   13.8   16.6   14.8     6      5      3
    NA  48.2   42.9   45.7   52.4   41.2   44.1   19.5   16.3   15.8   15.7      NA  16.3   22.7     6      7      3
 22.6   30.5   31.8   28.8   35.3   35.3   36.7    4.7    7.6    9.7      NA     NA  18.1   28.4     6      5      3
 49.6      NA  54.6   57.2   46.7   32.3   41.4   22.9      NA  21.2   23.1   26.4   33.4   32.9     4      7    3.5
 40.1   40.2   43.9   46.6   45.9   44.5   38.9    8.2   10.6   11.1   14.7   14.4   17.3   17.7     6      6      3
 28.1   27.9   35.3   34.0   37.3   38.7   35.5   12.5    9.5   12.6   16.1   26.0   34.7   33.1     6      5      3
 32.2   32.3   28.5   30.0   33.9   33.3   34.1   20.5   21.1   22.9   21.0   20.7   23.5   21.0     6      6      3
    NA     NA     NA     NA     NA     NA     NA     NA     NA     NA     NA     NA     NA     NA    7      5    2.5
    NA     NA     NA     NA     NA     NA     NA     NA     NA     NA     NA     NA     NA     NA    7      5    2.5
 48.1   39.2   33.0   35.1   34.5   30.8   25.9   38.9   25.8   28.1   26.1   26.4   39.3   20.4     6      7      5
 30.9   32.1   35.9   28.2   21.9   19.9   11.1   16.8   16.6      NA  20.6   19.5   18.6    5.9     6      6      3
 23.7   23.2   21.9   20.3   19.2   18.2   20.1    7.3    8.7    7.4    7.2    7.3    7.7    7.2     7      5      3
    NA  42.3   26.7   27.8   26.6   22.7   20.0    9.0   12.7   17.4   17.2   17.2   18.2      NA    6      6      4
 32.3   29.5   33.0   28.2   23.5   21.7   26.1   10.3   10.8   12.4   14.8   13.2   14.4   14.0     5      7      4
    NA  41.3      NA  52.1   50.0   34.8   33.6      NA     NA     NA  18.8      NA  15.2   19.7     6      6      3
 41.5   38.2   37.6   35.9   38.1   32.1   30.5   11.2   10.9   11.0   13.1   17.2   19.4   20.4     5      6      4
 41.6   44.8   38.8   37.4   38.0   37.5   35.8   10.0   10.8   11.3   12.7   13.8   16.4   14.8     6      6      3
 42.4   39.8   40.7   26.1   29.1   32.1   33.5   36.3   35.8   30.0   80.7   25.6   20.7   17.8     6      5      3
 31.6   29.2   28.1   30.3   32.3   28.1   26.0    8.4    8.3    7.8    7.9    9.4      NA     NA    6      6      3
 42.2   37.9   34.4   35.7   35.5   39.1   37.5   12.9   12.3   11.9   14.7   17.3   23.8   24.6     6      5      3
 38.5   35.4   35.0   34.8   36.9   31.4   23.3      NA  21.0   20.9   19.2   17.2   17.1   15.4    NA     NA     NA
 28.1   32.1   32.9   36.6   29.5   23.8   22.4      NA     NA     NA  12.6      NA     NA     NA    6      6      4
 36.0   34.1   35.2   34.0   34.6   30.2   26.6   13.1   14.7   18.8   20.3   18.5   16.8   17.9     6      5      3
    NA     NA     NA     NA     NA     NA     NA     NA     NA     NA     NA     NA     NA     NA    6      6      3
    NA  23.5   23.7   27.0      NA  21.9   18.8   10.9      NA  18.3   14.9      NA  24.1   22.4     6      4      2
    NA     NA     NA     NA  46.0   50.6   53.4      NA     NA     NA     NA     NA  21.8   21.1     5      5    2.5
    NA     NA     NA     NA     NA     NA     NA     NA     NA     NA     NA     NA     NA     NA    4      5    2.5
    NA     NA     NA     NA     NA     NA     NA     NA     NA     NA     NA     NA     NA     NA   NA     NA     NA
 27.8   23.9   30.3   31.3   33.0   31.1   30.1   15.3   17.8   23.8   25.9   21.9   24.3   29.3     6      7      5
 26.9   26.4   29.2   35.5   41.6   42.3   54.2    8.0    4.8    6.8   19.1   20.8   19.8   16.9     8      6      3
 59.1   51.3   38.8   41.3   28.8   29.3   32.4   18.7   17.6   14.4   21.3   13.0      NA  14.8     6      6      3
 29.3   25.1   33.6   30.2   32.4   29.3   27.4   18.4   22.4   23.9   29.8   34.0   26.6   14.3     6      6      3
 28.5   31.9   30.4   22.5   21.9   25.4   27.8   16.0   19.6   28.8   31.8   23.6   24.5   30.7     6      5      3
 23.1   23.8   22.6   20.0   17.2   16.4   15.0   12.6   10.7   11.5   10.5   10.2      NA   6.3     8      4      2
 36.1   35.6   34.5   28.1   26.2   25.3   24.8   25.3   24.9   24.6   23.2   18.4   17.5   17.2     6      6      3
 42.5  125.2   34.1   38.4   38.8   34.7   31.8   15.6   15.0   20.9   22.8   23.0   21.1   20.7     6      6      3
 56.3   62.1   58.2   62.4   56.8   51.7   47.5   28.4   41.8   34.3   34.9   36.4   37.1   39.1     6      6      3
 20.2      NA  18.6   21.4   21.2   17.6   18.5   11.9    7.3   22.4   14.9   12.9   11.5   11.9     4      8      4
 32.9   31.5   27.4   26.9   30.9   31.8   26.1   20.8   34.8   24.9   24.1   25.6   27.3   21.4     6      7    3.5
    NA  22.9   33.3   28.8   21.7   28.7   36.8      NA  20.4   32.0   17.7   21.1   24.3   31.3     6      3    1.5
    NA     NA     NA     NA     NA     NA     NA     NA     NA     NA     NA     NA     NA     NA   NA     NA     NA
 33.1   36.5   38.6   39.9   41.4   40.1   36.5   26.5   25.2   23.6   26.9   19.8   18.0   16.2     5      7      5
 50.9   37.9   35.8   31.4   28.5   29.0   30.4      NA  28.3   27.1   31.2   32.9   31.5   34.0     6      4      2
 31.7   25.9   22.7   22.5   24.2   19.7   18.3    8.6   10.0   13.3    8.1   17.6   14.5   13.1    NA     NA     NA
 28.2   27.6   32.5   29.3   29.7   30.5   30.8      NA  25.9   27.9   24.3   19.9   23.1   19.4     6      6      4
 35.1   33.1   30.8   27.7      NA  13.7   16.2      NA     NA     NA     NA     NA  18.5      NA    5      7    3.5
 37.9   30.6   46.4   36.2   36.8   33.8   28.0   17.5   15.3   23.5   21.6   21.8   19.6   18.0     6      6      3
 43.4   45.8   45.4   42.0   41.0   37.7   32.3   18.1   20.9   21.3   25.2   26.1   25.0   23.1     6      6      3
 36.2   34.4   36.2   34.6   34.6   27.9   24.7   17.9   25.9   19.8   16.5   15.5   27.2   22.9     7      6      3
    NA     NA     NA     NA     NA     NA     NA     NA     NA     NA     NA     NA     NA     NA    6      6      3
    NA  38.0   47.4   46.0   51.1   38.7   43.6      NA   4.1      NA  16.2   25.0   18.5   15.9     6      6      3
 31.0   21.6   22.0   21.9   21.4   19.0   14.5      NA  15.7   11.3   15.3   17.9      NA  11.6     4      9      4
    NA     NA  19.5   20.6   19.7   18.9   18.1   25.3      NA  12.6    7.2      NA     NA     NA    7      6      3
 39.4   41.6   33.6   34.8   30.3   26.9   22.2   24.8   22.6   23.5   21.9   21.0   20.1   16.1     6      6      3
 33.7   35.7   31.3   13.5    9.4    8.5   11.9   13.9   14.7   12.0      NA     NA     NA     NA    9      4      2
 23.5   24.4   26.3   23.1   22.2   18.5   15.0   20.9   16.1   24.7   16.9   15.8   14.6   13.1     9      3    1.5
    NA     NA  34.1   29.5   25.9   22.5   22.1      NA  25.8   25.9   17.0   15.8   15.5   19.5     5      7      4
 47.7   35.9   29.5   27.4   25.5   23.5   18.4   31.3   31.0   23.0   22.8   12.3   15.0   14.4     9      4      2
    NA  48.1   39.6   35.6   30.9   30.2   24.1      NA  27.0   25.7   25.9   32.6   28.3   18.7     6      6      3
    NA     NA     NA     NA     NA     NA     NA     NA     NA     NA     NA     NA     NA     NA    8      4      3
 27.0   27.3   22.8   21.5   19.6   19.1      NA  24.6   12.0   15.1   11.6   10.5   10.8      NA    6      7      3
 36.6   37.8   34.8   33.2   30.6   31.0   28.7   17.9   14.9   13.5   14.2   14.8   14.3   14.5     6      6      3
 27.3   26.4   22.4   22.1   21.6   18.9   16.1   10.3   11.9   11.7   12.3   11.5   11.3   10.2     5      8      3
 28.1   26.4   26.5   24.1   19.7   19.3   14.0      NA  15.1      NA  14.9   11.3   15.8   12.5    NA     NA     NA
 30.2   23.0   27.5   20.3   28.8   21.0   21.2      NA  16.2   38.2   14.8   14.6   13.0   11.9     8      5    2.5
 35.0   35.7   33.9   31.1   29.6   27.5   23.1   39.4   19.4   20.5   19.0   15.2   15.9   15.2     6      6      3
 26.1   27.9   23.2   21.5   19.6    8.3    8.2   18.0    9.6   10.2   10.6    9.6      NA     NA    6      6      3
    NA     NA     NA     NA     NA     NA     NA     NA     NA     NA     NA     NA     NA     NA    8      4      2
 42.7   36.9   34.0   31.9   33.6   20.2   18.7      NA  18.9   19.0   19.7   16.6   15.7   12.4     4      7      5
 34.8   39.2   35.2   33.7   33.9   21.2   17.1   16.9   18.0   18.2   22.5   21.5      NA  20.9     5      7      6
 19.2   18.9      NA  20.2   20.0   20.4   16.3   15.2   15.3   24.3   12.1   10.1    9.4   11.8     6      7      3
 26.3   27.0   26.8      NA     NA     NA     NA  19.3   23.1   21.7      NA     NA     NA     NA    6      6      3
 44.9   46.9   46.9   44.8   37.8   31.9   26.6   13.0   17.2   19.3   23.9   27.4      NA  19.6     5      6      3
 29.5   29.0   23.3   23.1   23.3   20.0   18.9   20.2   19.6   18.3   15.0   15.8   16.0   15.3     7      6      3
 45.2   33.1   32.7   28.8   26.9   24.5   24.1   11.8   11.6   13.2   23.0   22.4      NA  18.4     8      4      2
 29.3   32.2   33.1   28.1   28.0   20.4   18.4   21.3   18.6   18.1   23.1   17.5   14.7   12.8     7      5      3
 35.1      NA  34.8      NA  32.2   31.6   28.3   16.6   20.2   20.7      NA  24.2   23.7   19.5     8      4      2
 31.1   30.6   30.3   28.0   21.3   18.5   16.7   20.2   19.9   19.4   19.7   30.6   29.1   26.3     8      5    2.5
    NA     NA  35.1   31.0   29.7   31.6   31.4      NA  25.0   18.9   19.8   22.0   20.3   21.6     6      5    2.5
    NA     NA     NA     NA     NA     NA     NA     NA     NA     NA     NA     NA     NA     NA   NA     NA     NA
    NA     NA     NA     NA     NA     NA     NA     NA     NA     NA     NA     NA     NA     NA   NA     NA     NA
    NA     NA     NA     NA     NA     NA     NA     NA     NA     NA     NA     NA     NA     NA   NA     NA     NA
    NA     NA     NA     NA     NA     NA     NA     NA     NA     NA     NA     NA     NA     NA   NA     NA     NA

