 0.254600   0.190300   0.190500   0.274200   0.261400   0.309000   0.183200   0.225700   0.347500   0.237100      4.937      4.937      4.937      3.949      3.837      5.028    -0.012636  -0.005478   0.205768   0.129028   0.002286
    NA         NA         NA         NA         NA         NA         NA         NA         NA         NA        28.749      28.75     28.752     25.553     49.431       79.5    -0.008697   0.038383   0.072479   0.087990   0.004495
 0.023900   0.042200   0.071200   0.097500   0.080400   0.045800   0.071300   0.099400   0.170500   0.152800     246.77     246.83     277.71     214.32      211.3     449.26     0.019312   0.003217  -0.052057  -0.048724   0.006780
 0.080500   0.084500   0.154500   0.240200   0.276500   0.157400   0.221600   0.283100   0.343200   0.362200       .714       .715       .714       .739       .777      1.888        NA      0.011260  -0.097500  -0.030900  -0.004100
    NA      0.038600   0.043800   0.063300   0.058300      NA      0.078600   0.114600   0.186400   0.162200         NA     246.85     277.71     214.32      211.3     449.26     0.072581  -0.017039  -0.027590  -0.019688   0.004495
 0.083900   0.058800   0.044400   0.061700   0.048200   0.096600   0.072300   0.059500   0.093800   0.120800     49.997      84.35       87.5      78.75         90     120.69        NA      0.069510  -0.180090   0.074820  -0.002370
    NA      0.125900   0.107900   0.141300   0.162200      NA      0.106300   0.115800   0.169000   0.153200     243.88     243.85     274.33     222.42     209.21     471.13    -0.041144   0.072979  -0.045027   0.059849  -0.050263
    NA         NA      0.109400   0.032300   0.067900      NA         NA      0.458500   0.353200   0.310500     28.862     28.718      28.75      25.55      40.17         93        NA         NA         NA         NA         NA
 0.076000   0.094200   0.083900   0.116400   0.112700   0.131600   0.150900   0.126100   0.174500   0.174600      246.8      246.8     277.71     214.32      211.3     449.26    -0.016948   0.019685  -0.023809   0.065337  -0.011564
 0.067100   0.069900   0.078900   0.089100   0.059700   0.094900   0.101900   0.110100   0.155300   0.110300      246.8     246.83     277.71     214.32      211.3     449.26    -0.008310  -0.047130   0.060038  -0.006897   0.025033
    NA         NA         NA         NA         NA         NA         NA         NA         NA         NA            NA         NA         NA         NA         NA     449.26        NA         NA         NA         NA         NA
 0.158300   0.197900   0.196300   0.294900   0.373600   0.416600   0.327300   0.285600   0.421200   0.398300     246.77     246.77     277.71     214.32      211.3     449.26    -0.002933  -0.223933   0.256187   0.095385   0.011176
 0.198600   0.142700   0.098000   0.101800   0.107400   0.241300   0.171400   0.142300   0.169600   0.159000       .318       .398       .398       .456        .72       .955    -0.004939  -0.009584   0.030115  -0.006558   0.006937
 0.053700   0.057500   0.059900   0.055100   0.046000   0.061100   0.069500   0.058400   0.071200   0.072800      2.484        2.5        2.5       2.07       2.07       2.07     0.003580  -0.031258  -0.046635  -0.007018  -0.039149
 0.293700   0.452200   0.470100      NA      0.570700   0.253300   0.383600   0.410400      NA      0.388200     246.88     246.88     277.71     214.32      211.3     449.26     0.009682  -0.117777   0.264919   0.099991   0.002286
 0.418300   0.447700   0.288000   0.370600   0.301900   0.371000   0.365900   0.290800   0.477900   0.438800      1.787      1.784      2.083      2.013      1.754      4.988     0.003745   0.005256  -0.017891  -0.058382   0.030494
 0.135000   0.120000   0.119700   0.154700   0.118800   0.166400   0.143800   0.119600   0.161200   0.137500       .714       .714       1.02       1.15       2.75     54.365    -0.077711   0.078310  -0.019217   0.043738  -0.105904
    NA         NA         NA         NA         NA         NA         NA         NA         NA         NA        24.684     24.685     24.685      20.67     18.968     24.332        NA         NA         NA         NA         NA
    NA         NA      0.026300   0.037000   0.034800      NA         NA      0.200100   0.164700   0.154600     28.776     28.713      28.75     25.543     33.811     159.62        NA         NA         NA         NA         NA
 0.213100   0.200100   0.192600   0.273600   0.224500   0.174800   0.162700   0.166500   0.263700   0.238400     246.86     246.86     277.71     214.32      211.3     449.26    -0.023014   0.015411  -0.015411   0.056370  -0.031970
 0.181500   0.158600   0.125400   0.143500   0.115800   0.170900   0.156300   0.140500   0.159500   0.141100      7.143      7.143      7.143      7.343       7.42     16.432    -0.015510  -0.057989   0.018840   0.032726  -0.020590
 0.050100   0.046700   0.062500   0.055300   0.055300   0.242300   0.271800   0.349300   0.397900   0.429200       .713       .713       .714       .739       .779      2.191        NA      0.014300  -0.062300  -0.002000   0.000230
 0.205600   0.371300   0.368700   0.321600   0.286800   0.231600   0.258900   0.265000   0.331500   0.283600          1          1          1          1          1          1    -0.116229  -0.013240  -0.056695  -0.043926   0.000000
 0.051600   0.067200   0.066600   0.088700   0.065900   0.068500   0.089400   0.080100   0.119500   0.114500     246.88     246.86     277.71     214.32      211.3     662.48    -0.037525  -0.015558  -0.006937   0.015102   0.004348
 0.083600   0.081900   0.083700   0.102500   0.089100   0.139500   0.134900   0.124600   0.153400   0.113900       .714       .714       .833       .864       .812      1.719    -0.037428   0.016929  -0.008417  -0.054058   0.006487
    NA      0.059400   0.055600   0.071000   0.073600      NA      0.093600   0.116600   0.162400   0.153200     246.83     246.83     277.71     214.32     211.28     449.26     0.017639  -0.015979  -0.019062  -0.006780   0.023307
 0.114500   0.229800   0.253800   0.177900   0.224800   0.262000   0.166900   0.252700   0.332300   0.390900     49.377     49.366     55.542     43.104     45.914     77.085    -0.004301  -0.013152  -0.063640  -0.045306  -0.007186
 0.150500   0.142500   0.180300   0.197700   0.168900   0.161900   0.142200   0.176900   0.231600   0.189700      4.763      4.762      5.556      6.027      7.684     15.442    -0.034457  -0.001955   0.149475  -0.156749  -0.011980
 0.114800   0.095700   0.110100   0.104200   0.086900   0.124100   0.100500   0.119400   0.191200   0.138600      5.059      5.059      5.061      4.052      3.937     10.063    -0.002954  -0.075313   0.139004  -0.106935   0.004495
    NA         NA         NA         NA      0.022600      NA         NA         NA         NA      0.057800     28.747     28.747      28.75     25.553       32.4     43.181    -0.009526  -0.002068   0.032125  -0.023960  -0.013799
 0.063000   0.063800   0.077900   0.152800   0.126100   0.087600   0.091900   0.129700   0.215300   0.181600      246.8     246.88     277.71     214.32      211.3     449.26     0.028051   0.019510  -0.043067  -0.046723  -0.042394
 0.051100   0.065200   0.096200   0.175400   0.154300   0.063500   0.073500   0.067000   0.171400   0.154600       .714       .714       .714       .615       .547       .894    -0.008512   0.034886   0.211543   0.116903  -0.011838
 0.033300   0.032000   0.027600   0.063500   0.046400   0.041200   0.053000   0.042400   0.086900   0.087000      49.98         50        100      92.84      92.84     101.26     0.035605  -0.003543  -0.057095   0.110235  -0.069100
 0.173200   0.121800   0.153200   0.199100   0.135400   0.210300   0.150100   0.185200   0.245800   0.195200     246.86     246.86     277.71     214.32      211.3     449.26    -0.002746  -0.039155   0.109195  -0.085639   0.002286
    NA         NA         NA      0.519100   0.432900      NA         NA         NA      0.564500   0.568000         NA         NA         NA         NA      6.392      7.134        NA         NA         NA         NA         NA
 0.126100   0.112100   0.086200   0.068800   0.057900   0.139800   0.121200   0.092500   0.091700   0.096900       .714       .714       .833       .879       1.05      3.141    -0.013488   0.015036  -0.043366  -0.006897  -0.009526
 0.052900   0.058500   0.051100   0.074000   0.213800   0.077400   0.083800   0.088800   0.190600   0.612200      7.143      7.143      7.143      6.295      6.295     39.487     0.030675  -0.044603  -0.061011  -0.003306   0.002312
 0.144200   0.130300   0.134300   0.184900   0.177900   0.112800   0.121500   0.135900   0.158600   0.160100       .714       .714       .714        .74       .779      2.191     0.003849  -0.003361  -0.032079  -0.056417  -0.025264
 0.072900   0.067200   0.069200   0.061500   0.043500   0.066700   0.060100   0.074800   0.113200   0.095300       .348       .348       .348       .348       .588      2.008    -0.014727   0.015037   0.035226  -0.027952  -0.016980
 0.148900   0.235000   0.269200   0.260400   0.290400   0.132800   0.213800   0.218200   0.284400   0.421700       .714       .714       .714       .739       .779      2.191        NA         NA         NA         NA         NA
 0.179700   0.172900   0.148400   0.120400   0.062800   0.148100   0.155800   0.186400   0.184700   0.118200      7.143      7.143      7.143      7.367      8.197     17.472     0.000000  -0.007548   0.007548   0.000000  -0.026072
 0.117200   0.141600   0.163100   0.188200   0.190400   0.162800   0.139000   0.163700   0.322900   0.245700     246.94     246.83     277.71     214.32      211.3     449.26    -0.025567  -0.100841   0.239470  -0.154899  -0.029321
 0.094000   0.094500   0.134500   0.183000   0.174000   0.143800   0.130200   0.143600   0.225700   0.213500        .42       .525       .525       .402       .405       .834     0.005750  -0.068394   0.154551   0.049779  -0.011432
 0.455800   0.479900   0.346800   0.210100   0.147600   0.363300   0.456700   0.332700   0.212100   0.165000       4.94       4.94       4.94       9.16      73.46     672.02    -0.032624   0.045234  -0.053569   0.074641  -0.011302
 0.286300   0.280900   0.184500   0.232200   0.289500   0.207700   0.206500   0.144100   0.246600   0.317200        .05       .165         .5         .5        2.8     49.873     0.002128   0.085135  -0.126094   0.006897  -0.021840
 0.308900   0.376000   0.310500   0.280300   0.252800   0.213000   0.269400   0.254300   0.291700   0.291400       .714       .714       .714       .643       .789       3.14     0.063691   0.093187  -0.156878  -0.013565  -0.053141
    NA         NA         NA      0.199500   0.150700      NA         NA         NA      0.189100   0.175000       .714       .714       .714        .57       .643      1.612        NA     -0.008700  -0.071200  -0.014000  -0.034100
    NA         NA         NA      0.738400   0.638400      NA         NA         NA      0.611200   0.576100         NA         NA         NA         NA          1          1        NA         NA         NA         NA         NA
 0.216000   0.258800   0.270800   0.290600   0.429000   0.268200   0.308300   0.324900   0.355900   0.470500      1.713      1.714          2       2.02      2.011      2.011    -0.001819   0.001434   0.093458  -0.181824  -0.054529
 0.174100   0.197500   0.255800   0.263900   0.262400   0.175000   0.194200   0.241200   0.266100   0.236200       .971      1.082      1.048      1.017      1.169      1.365    -0.010040   0.010643   0.018636  -0.006481  -0.020026
 0.126500   0.126300   0.152600   0.169700   0.158500   0.149600   0.157700   0.197600   0.214400   0.174200      5.617      6.625      6.625       8.57       8.57     50.453    -0.002195  -0.023990  -0.030185   0.003478  -0.021322
    NA         NA         NA         NA         NA         NA         NA         NA         NA         NA            NA         NA         NA         NA         NA        2.7        NA         NA         NA         NA         NA
 0.140700   0.109700   0.111100   0.136600   0.100500   0.131300   0.131600   0.141000   0.162700   0.135000          1          1          1          1          1      3.113     0.026359  -0.003256   0.133721  -0.183984  -0.042931
 0.121100   0.116100   0.114800   0.157700   0.132800   0.130800   0.130100   0.124400   0.169300   0.155500        2.5        2.5        2.5        2.5        2.5       3.67     0.003283  -0.014054  -0.007018   0.000000  -0.055251
    NA         NA         NA         NA         NA         NA         NA         NA         NA         NA            NA         NA         NA         NA         NA        2.7        NA         NA         NA         NA         NA
 0.063400   0.079700   0.085500   0.116200   0.087200   0.076200   0.086800   0.088100   0.137300   0.105500          1          1          1          1          1       1.15    -0.001747  -0.025288  -0.017594  -0.003478  -0.044629
 0.047100   0.036400   0.037100   0.056700   0.059500   0.055900   0.047000   0.051300   0.085100   0.093500      4.998          5          5          5          5          5        NA         NA         NA         NA         NA
 0.142200   0.193800   0.182800   0.201700   0.184400   0.145500   0.195500   0.205800   0.232600   0.216600          2          2          2          2          2          2     0.025283  -0.011314  -0.046222   0.030830  -0.009092
 0.259000   0.264100   0.235100   0.271800   0.259900   0.275000   0.286000   0.291000   0.305800   0.309700       .714       .714       .833       .909      1.781      5.559    -0.015729  -0.051647   0.099879  -0.091715  -0.063691
 0.034200   0.032700   0.033500   0.041200   0.070300   0.042800   0.041200   0.044400   0.052600   0.057200     12.499     12.499       12.5       12.5     22.951     256.87     0.009092  -0.077787   0.077787   0.047935  -0.002260
 0.086400   0.091800   0.100600   0.142300   0.082300   0.093100   0.108500   0.116800   0.137500   0.157500      7.001          7          7       7.03      10.05         40     0.011630   0.010079  -0.044204  -0.003478  -0.060590
 0.258000   0.269300   0.242600   0.267600   0.250300   0.286600   0.277400   0.274300   0.306800   0.268000          1          1          1          1          1          1     0.022650  -0.121145   0.065084   0.021072  -0.041870
    NA         NA         NA      0.298200   0.250000      NA         NA         NA      0.487400   0.402400         NA         NA         NA         NA        2.7        2.7        NA         NA         NA         NA         NA
    NA         NA         NA      0.227300   0.268100      NA         NA         NA      0.354800   0.379400         NA         NA         NA         NA        2.7        2.7        NA         NA         NA         NA         NA
 0.377000   0.263700   0.239900   0.271000   0.252000   0.304700   0.230000   0.211100   0.208400   0.253000      1.714      1.714          2       2.17        2.4       2.45    -0.018194  -0.057768   0.075962   0.047846  -0.013642
 0.059400   0.061400   0.078300   0.104200   0.116500   0.046000   0.053000   0.070300   0.096100   0.113700          1          1          1          1          1          1     0.008169   0.001492  -0.039824  -0.039445   0.025437
 0.052400   0.051500   0.062500   0.086000   0.088400   0.052300   0.041500   0.057800   0.068100   0.081600       .779      2.119      3.792     36.603       1837    6020000     0.007584  -0.035358   0.014286  -0.075362  -0.028620
 0.056000   0.084500   0.107100   0.133100   0.166800   0.082600   0.101700   0.102800   0.155400   0.124300     11.879     11.879      11.88         20       24.5     440030     0.086032  -0.079672   0.111198   0.089462  -0.057536
 0.027000   0.029600   0.035700   0.043000   0.051700   0.027500   0.027400   0.046600   0.055100   0.048500       .189      1.938      4.494      8.127      52.71       6200     0.007666  -0.039018   0.006002  -0.065701  -0.021072
 0.080400   0.085600   0.078300   0.116500   0.125800   0.093000   0.079000   0.084700   0.122900   0.147700       .001       .003       .012      4.911     38.462     158.86     0.016968   0.063334  -0.127025  -0.042435  -0.056789
 0.061700   0.051700   0.052500   0.068700   0.057200   0.067800   0.055600   0.057200   0.057600   0.067100      6.638     10.479     18.443     30.929      47.28     142.31     0.004573   0.008716  -0.004592   0.039770  -0.013799
 0.077500   0.068000   0.090600   0.121500   0.117400   0.078000   0.080500   0.095900   0.136700   0.109900     15.395     18.476     20.917         25         25       91.5    -0.020322  -0.130610   0.191066   0.099991  -0.004495
 0.396400   0.364000   0.335600   0.305500   0.266600   0.362000   0.369900   0.348000   0.348600   0.335100      1.714      1.715          2       2.36       2.55      4.252     0.007274  -0.007481   0.088574  -0.110414  -0.062850
 0.066800   0.064900   0.073900   0.104800   0.097900   0.078700   0.080400   0.079500   0.132300   0.161800     116.27     125.99        126        126        126      440.7     0.028916  -0.026349  -0.031187  -0.030310  -0.006858
 0.087200   0.086500   0.076400   0.079100   0.081500   0.093800   0.099400   0.086600   0.099700   0.090700       27.4       26.8       38.7       40.5     288.86      10975     0.020228   0.011513  -0.007018  -0.064317  -0.032369
 0.279100   0.312500   0.339000   0.389900   0.325300   0.354000   0.322400   0.314100   0.408900   0.390900      1.886      1.886      1.886      1.785      1.785      1.785    -0.008512   0.003859   0.000352  -0.020708  -0.059796
 0.055700   0.057000   0.063100   0.087500   0.101000   0.062400   0.045000   0.067300   0.102300   0.114400       .011       .052       .249       2.27      9.099     101.43     0.013407  -0.042498  -0.025567   0.000000  -0.036025
 0.317800   0.224500   0.213100   0.188200   0.199700   0.158300   0.146700   0.143700   0.202100   0.156500       3.35        4.5      4.498      4.285      4.292        7.5    -0.024761   0.055311   0.168536   0.108723  -0.002286
    NA         NA         NA         NA         NA         NA         NA         NA         NA         NA            20     44.998         45     44.999     44.164      50.64     0.008319  -0.000219   0.031049  -0.003419   0.044629
    NA         NA         NA         NA         NA         NA         NA         NA         NA         NA            NA         NA         NA         .4        .38        .38        NA     -0.047760   0.103040   0.035580  -0.006810
 0.041000   0.040600   0.023200   0.014300   0.014400   0.044000   0.051100   0.040700   0.039700   0.045500      4.762      4.762      4.762      8.876     15.478         26    -1.07E-08   0.084064  -0.084064   0.024811   0.008890
    NA         NA         NA         NA         NA         NA         NA         NA         NA         NA         4.762      4.762      4.762      6.449      6.607      8.486        NA     -0.051890  -0.033200  -0.003950  -0.094150
 0.019900   0.015100   0.013200   0.015500   0.019000   0.015300   0.012300   0.011300   0.015000   0.017100      2.462      2.462      2.462       1.86      1.498      2.937        NA      0.038860  -0.008100   0.012240  -0.014000
 0.424500   0.468300   0.595800   0.689000   0.653500   0.498000   0.479600   0.581900   0.683100   0.672400      5.713      5.713      6.061      4.935      4.976      7.791        NA         NA      0.021808  -0.047362   0.005986
 0.020100   0.017800   0.018800   0.029400   0.028100   0.034100   0.028900   0.022200   0.031700   0.041000      4.762      4.762        7.5      8.653      7.893     12.237    -0.021656  -0.027248  -0.012443  -0.063016  -0.011176
 0.029800   0.027200   0.068200   0.116200   0.107700   0.029700   0.040600   0.060800   0.098900   0.089700         NA      4.125        365        415     626.99     1110.6    -0.054872  -0.045875   0.193016   0.071335  -0.004546
    NA         NA         NA         NA         NA         NA         NA         NA         NA         NA        75.752     75.752     75.752     67.641     70.622     91.061    -0.008335  -0.018234   0.283609   0.132280  -0.016578
    NA         NA         NA         NA         NA         NA         NA         NA         NA         NA          .357       .357       .357       .295       .295       .311    -0.012636  -0.019433   0.300815   0.108723   0.013338
 0.154900   0.181400   0.213200   0.289800   0.282200   0.286100   0.287500   0.364200   0.431600   0.373000         .2         .3         .4         .6      5.124     1178.8     0.015572  -3.04E-05  -0.031293   0.004082   0.008974
 0.057000   0.071100   0.103200   0.150500   0.172000   0.060900   0.064500   0.095800   0.142900   0.161400        360        360        360      296.8     226.74     238.54    -0.054874   0.018390  -0.057094  -0.050477   0.014370
    NA         NA      0.073000   0.217200   0.256600      NA         NA      0.222700   0.515600   0.552300       .357       .357       .357        .32       .298       .394     0.002906  -0.078876   0.128443  -0.120599  -0.011699
 0.020600   0.042400   0.090300   0.172600   0.226900   0.061800   0.080700   0.122900   0.195500   0.247500     63.636     265.69     310.57        484     607.43     870.02     0.018194  -0.020745   0.007257  -0.042435  -0.002235
 0.538900   0.506400   0.644500   0.747500   0.615300   0.172400   0.227700   0.179500   0.336800   0.422800       .357       .357       .357        .29        .27       .301    -0.012908  -0.009406   0.304068   0.105471   0.011176
 0.229500   0.197300   0.192200   0.249600   0.233100   0.199000   0.169600   0.182100   0.216700   0.246200      3.061      3.061      3.061      2.402      2.177       2.48    -0.034733  -0.076784   0.030424   0.069374  -0.039635
    NA      0.027100   0.019900   0.030500   0.027100      NA      0.036900   0.031500   0.041800   0.046500        7.5      7.619     10.125      10.56         12     17.777        NA         NA         NA         NA         NA
    NA         NA         NA         NA      0.598200      NA         NA         NA         NA      0.396900         NA         NA         NA         NA       .345       .345        NA     -0.154190   0.261190   0.138350  -0.039320
 0.017800   0.021900   0.028100   0.030100   0.034500   0.063400   0.054000   0.045900   0.060700   0.065400      4.762      4.762      4.762        9.9        9.9      15.16    -0.000222   0.007539  -0.012137  -0.058427  -0.016194
 0.069500   0.072000   0.070300   0.073200   0.074000   0.072800   0.078200   0.071600   0.095100   0.093600      2.071      4.017      5.904      7.248      7.511       18.6     0.033636  -0.063293   0.009640  -0.090733  -0.031201
 0.413700   0.413500   0.556400   0.779600   0.629000   0.167400   0.196800   0.164700   0.368800   0.395700        4.5        4.5        4.5       3.53       3.35       3.57    -0.012908  -0.032289   0.309547   0.099991   0.023557
 0.771200   0.659700   0.747000      NA         NA      0.813700   0.710500   0.848900      NA         NA         3.061      3.061      3.061      2.371      2.141        2.2        NA         NA      0.051395   0.012300   0.002542
 0.134000   0.099600   0.069200   0.071600   0.060200   0.143300   0.113200   0.078100   0.082200   0.092600       5.48       5.48      6.849          9     16.534     27.163    -0.081223  -0.041025  -0.018996   0.003604  -0.004651
 0.086000   0.072500   0.079700   0.070700   0.048500   0.089800   0.086700   0.101800   0.133300   0.095100      2.977      3.177      3.177      3.017      3.925       4.96     0.010162  -0.148399   0.207492   0.093324   0.000000
    NA         NA         NA         NA         NA         NA         NA         NA         NA         NA        39.726         40         40         38      35.98      39.85     0.010280   0.004619  -0.046622  -0.035393  -0.030945
 0.055800   0.060400   0.063600   0.078000   0.082800   0.061300   0.068500   0.072100   0.096000   0.101600     21.183       20.8       20.8     20.379     20.476     27.159    -0.018514  -0.041032   0.018019  -0.033411  -0.040860
    NA         NA      0.868700   0.838100   0.800100      NA         NA      0.281000   0.410000   0.419000         NA         NA      4.813      3.961      3.707      3.671        NA     -0.011600   0.240115   0.104438   0.002235
    NA         NA      0.006200   0.013300   0.022900      NA         NA      0.065400   0.162400   0.217500         NA         NA      5.456      4.566      4.563      7.268        NA     -0.042600  -0.063400   0.018100  -0.014900
 0.168700   0.189900   0.275300   0.390400   0.389700   0.163500   0.192500   0.271800   0.399400   0.391700         26         26         26     17.417     12.938     20.689     0.010943   0.003756  -0.000697  -0.018426  -0.002729
 0.262900   0.316500   0.452900   0.665000   0.660200   0.269800   0.316500   0.434300   0.675200   0.670700         50         50         50     36.779     29.243     59.378    -0.001521   0.008520  -0.009905  -0.010383  -0.009852
    NA         NA         NA      0.282600   0.315200      NA         NA         NA      0.404400   0.405400       .354       .354       .413       .369       .353       .609     0.004882   0.028685  -0.024474  -0.067795  -0.034654
 0.220100   0.238900   0.305500   0.424300   0.415300   0.231100   0.253500   0.325500   0.465700   0.409100      6.907      6.907        7.5      5.746      5.636     10.596     0.005181   0.000214  -0.010955  -0.021840   0.000000
 0.176900   0.192300   0.243800   0.341300   0.354200   0.185000   0.196000   0.257800   0.342500   0.345000        3.2        3.2        4.2      3.679       3.73      6.198     0.014803  -0.007512   0.012423  -0.030726   0.003652
 0.109900   0.119100   0.166200   0.242300   0.233400   0.102000   0.116700   0.161700   0.236100   0.241800      4.937      4.937      5.554      4.286      4.226      8.985     0.008913   0.007420  -0.006642  -0.011853   0.006498
 0.147200   0.175300   0.259700   0.362400   0.348400   0.133200   0.155300   0.228800   0.331600   0.331600        4.2          4       3.66       2.46      1.818      2.944     0.035536   0.007385  -0.003241  -0.027700  -0.005030
 0.071200   0.079900   0.104400   0.164600   0.159800   0.130800   0.149600   0.179600   0.243400   0.222400         30         30         30     32.051     42.617     138.12     0.022097  -0.006812  -0.034352  -0.014912  -0.003830
    NA         NA      0.165500   0.194400   0.174400      NA         NA      0.171300   0.221600   0.173100         NA         NA         60     43.971     32.532     50.119        NA         NA         NA         NA         NA
 0.412100   0.402600   0.442700   0.523100   0.461400   0.408000   0.429300   0.486300   0.526300   0.465600       .349        .43        .88      1.537      4.798     41.508     0.062677   0.009787  -0.004171   0.013383   0.009439
 0.219500   0.259300   0.286600   0.423400   0.479500   0.261400   0.304700   0.350000   0.516400   0.559400       .357       .357       .417       .452       .487       .946     0.004606   0.006581  -0.001660  -0.017402   0.008382
 0.075200   0.102300   0.129600   0.181100   0.169800   0.084200   0.097400   0.145800   0.187600   0.192100        625        625        625     652.85     856.45     1909.4    -0.009181   0.000560  -0.046278  -0.013222  -0.001966
 0.635500   0.691700   0.894700   1.110300   0.905600   0.606600   0.628200   0.781700   1.064700   0.916700     50.005         50         50     36.779     29.243     59.378        NA         NA         NA         NA         NA
 0.414500   0.362000   0.387400   0.580100   0.504400   0.510900   0.490900   0.547300   0.649400   0.579500       .357       .357       .417       .385       .345       .468        NA      0.002241  -0.044876  -0.015089  -0.011373
 0.281600   0.299800   0.440700   0.615800   0.596000   0.282700   0.304200   0.425700   0.598400   0.565600        3.8       3.62       3.62      2.529      1.988      3.321     0.002372  -0.005812  -0.011883  -0.007535   0.009256
 0.322900   0.372900   0.472400   0.598000   0.568100   0.344800   0.373200   0.488500   0.670700   0.480100      7.143      7.143      7.143      5.227      4.939      8.597     0.007208   0.000941   0.013451   0.031999   0.028273
    NA         NA         NA         NA      0.111900      NA         NA         NA         NA      0.109700         NA         NA         NA         NA      44.28     147.14        NA         NA         NA         NA         NA
 0.103700   0.155300   0.166900   0.141800   0.166000   0.137500   0.178700   0.220100   0.230000   0.250900      28.75      28.75      28.75     25.553     50.062     170.39        NA         NA     -0.039080  -0.015699  -0.032608
 0.048000   0.061300   0.092000   0.127200   0.156400   0.049200   0.075400   0.100400   0.141600   0.165600     60.004     59.997         70     57.407     71.702     170.04     0.009702  -0.001042  -0.050311  -0.013535  -0.014929
 0.206400   0.228000   0.323800   0.425300   0.401300   0.205300   0.232700   0.313400   0.435800   0.398200      5.173      5.173      5.173      4.152       4.23      8.604    -0.000185   0.001570   0.005175  -0.021567   0.002706
 0.173400   0.210200   0.287100   0.466600   0.443000   0.189800   0.206500   0.300100   0.439300   0.455700      4.373      4.373      4.373      2.581      1.675      2.457     0.013973   0.005996   0.006283  -0.006283   0.014117
 0.026800   0.027300   0.031400   0.030200   0.053300   0.036700   0.032700   0.046700   0.064300   0.075700      4.928      9.097       11.5     14.442     76.038     521.98        NA         NA     -0.030852  -0.062643  -0.007906
 0.151800   0.153700   0.184500   0.247900   0.262700   0.157600   0.157100   0.194000   0.250000   0.247300       .357       .357       .417       .452        .43       .779     0.011117   0.002311  -0.029551   0.028042   0.000000
 0.202400   0.123100   0.124700   0.143100   0.146400   0.240500   0.129200   0.158500   0.189200   0.156900          3      6.958       12.5     17.344     24.639     270.16        NA         NA      0.059783  -0.066801  -0.006780
 0.109500   0.108600   0.135000   0.170700   0.163400   0.110900   0.117500   0.129400   0.172900   0.185300       .893       .893       .893       .732       .898      1.304     0.006048  -0.020617  -0.011635  -0.041363  -0.022058
 0.171200   0.189000   0.220100   0.225100   0.227300   0.178700   0.212300   0.256800   0.243900   0.261000       .793       .793       .871       .824       .817      1.153        NA     -0.003900   0.093770  -0.060360  -0.056880
 0.169400   0.160700   0.187600   0.221600   0.244000   0.168800   0.156200   0.200700   0.244700   0.265700       .714       .719       .893       .886      1.036      1.955     0.022920  -0.048208  -0.036482   0.019195  -0.012453
 0.061100   0.063400   0.142700   0.208700   0.187300   0.101100   0.135200   0.181700   0.218300   0.269100       .893       .893       .893       .764        .67          1    -0.024550  -0.076750  -0.024570  -0.018120   0.015570
    NA         NA         NA         NA      0.200500      NA         NA         NA         NA      0.267600         NA         NA         NA         NA        .83       1.48        NA         NA         NA         NA         NA
    NA         NA         NA         NA         NA         NA         NA         NA         NA         NA            NA         NA         NA         NA         NA      1.304        NA         NA         NA         NA         NA
    NA         NA         NA         NA         NA         NA         NA         NA         NA         NA            NA         NA         NA         NA         NA     106.03        NA         NA         NA         NA         NA
    NA         NA         NA      0.121600   0.097500      NA         NA         NA      0.437400   0.264100         NA         NA         NA         NA       .919      2.244        NA         NA         NA         NA         NA

